{
    "trj_id": [
        0,
        4,
        8,
        13,
        24,
        28,
        32,
        36,
        40,
        44,
        53,
        57,
        62,
        68,
        73,
        78,
        85,
        93,
        99,
        107
    ],
    "trj_est": [
        [
            [
                0.9062491181555123,
                -0.29543112396795923,
                0.3023788796086532,
                -0.35691592145645423
            ],
            [
                -0.42274405476878807,
                -0.633324567315529,
                0.6482186796076165,
                -0.6602722315763628
            ],
            [
                1.5601120508217843e-16,
                -0.7152764804085384,
                -0.6988415818870353,
                0.819236592617919
            ],
            [
                0.0,
                0.0,
                0.0,
                1.0
            ]
        ],
        [
            [
                0.9244361878177019,
                -0.25011015799048886,
                0.28786854221301017,
                -0.29583246696277926
            ],
            [
                -0.3813429505352982,
                -0.6065993714709884,
                0.697583317778336,
                -0.6348850036280875
            ],
            [
                0.00014909247780660402,
                -0.7546469686515032,
                -0.6561371878425534,
                0.7815631701096715
            ],
            [
                0.0,
                0.0,
                0.0,
                1.0
            ]
        ],
        [
            [
                0.9348284266716953,
                -0.22215471830324796,
                0.27703670788672846,
                -0.25748928272333227
            ],
            [
                -0.35510596326010246,
                -0.5851055838619021,
                0.7290831291828839,
                -0.6202444626556322
            ],
            [
                0.00012681416685062722,
                -0.7799451868364556,
                -0.6258584749711277,
                0.7526750720811557
            ],
            [
                0.0,
                0.0,
                0.0,
                1.0
            ]
        ],
        [
            [
                0.9411347455481535,
                -0.20426829794658014,
                0.2693484000489939,
                -0.23704319209934532
            ],
            [
                -0.33804264739095496,
                -0.5690174435382155,
                0.7496388558036957,
                -0.6150317710282576
            ],
            [
                0.00013564507444645065,
                -0.7965623785572327,
                -0.6045678141045002,
                0.7266267953466109
            ],
            [
                0.0,
                0.0,
                0.0,
                1.0
            ]
        ],
        [
            [
                0.9393255879040681,
                -0.20837263865466318,
                0.27251479892288083,
                -0.2695824871674728
            ],
            [
                -0.3430459824866245,
                -0.5707923360963603,
                0.7460138505402443,
                -0.6439626832678013
            ],
            [
                9.784479523006135e-05,
                -0.7942321359570954,
                -0.6076326976710227,
                0.6958921315712228
            ],
            [
                0.0,
                0.0,
                0.0,
                1.0
            ]
        ],
        [
            [
                0.9346660114971257,
                -0.22019331893202457,
                0.27916194302477776,
                -0.2976071561780759
            ],
            [
                -0.3555462716446038,
                -0.57901782380178,
                0.7337233632112027,
                -0.6643392709676618
            ],
            [
                7.500487880270276e-05,
                -0.7850395282380791,
                -0.6194679469735551,
                0.6894739710238303
            ],
            [
                0.0,
                0.0,
                0.0,
                1.0
            ]
        ],
        [
            [
                0.9281246442670442,
                -0.2357645612864277,
                0.2881309681398793,
                -0.32921664226434505
            ],
            [
                -0.37229014310086517,
                -0.5880141419590236,
                0.7180989983578367,
                -0.6879885087337938
            ],
            [
                0.00011880702656661801,
                -0.7737507852438258,
                -0.6335149260174401,
                0.6833678799686271
            ],
            [
                0.0,
                0.0,
                0.0,
                1.0
            ]
        ],
        [
            [
                0.9199063791303981,
                -0.25395618929263386,
                0.2988354376588636,
                -0.3611114028065261
            ],
            [
                -0.3921635541238434,
                -0.5957132278433641,
                0.7009724038440021,
                -0.7135701854573286
            ],
            [
                9.525607200731153e-08,
                -0.7620186017073056,
                -0.6475844304396576,
                0.6762392252191031
            ],
            [
                0.0,
                0.0,
                0.0,
                1.0
            ]
        ],
        [
            [
                0.9104140007860843,
                -0.2725890075295864,
                0.3112325875716596,
                -0.39003378582414305
            ],
            [
                -0.4137222238548925,
                -0.5999695326169007,
                0.68476751910754,
                -0.7399532247162489
            ],
            [
                6.636378365137779e-05,
                -0.7521845386177254,
                -0.6589851367858343,
                0.6666547153517244
            ],
            [
                0.0,
                0.0,
                0.0,
                1.0
            ]
        ],
        [
            [
                0.900452554888669,
                -0.28930683178102606,
                0.3248311586366124,
                -0.41273593410189696
            ],
            [
                -0.4349827286844318,
                -0.5989820494873894,
                0.6723456904169964,
                -0.7658443174919001
            ],
            [
                4.991603994817411e-05,
                -0.7467040950288916,
                -0.6651857056795163,
                0.6532970027836827
            ],
            [
                0.0,
                0.0,
                0.0,
                1.0
            ]
        ],
        [
            [
                0.883761816800289,
                -0.30084844883575457,
                0.35846089020109034,
                -0.42465651200870214
            ],
            [
                -0.4679728044407193,
                -0.5681304084419275,
                0.6769689147510378,
                -0.8159479892971293
            ],
            [
                -1.7311095205531505e-05,
                -0.7660188918059586,
                -0.6428617944736476,
                0.6019356165521317
            ],
            [
                0.0,
                0.0,
                0.0,
                1.0
            ]
        ],
        [
            [
                0.8803857980962356,
                -0.2900857702586483,
                0.3752509367529021,
                -0.41084523799314443
            ],
            [
                -0.4742968198948622,
                -0.5384088104882117,
                0.6965763040929598,
                -0.8309183050244754
            ],
            [
                -3.3601496461821346e-05,
                -0.7912250262419627,
                -0.6115735525957379,
                0.5692062619578786
            ],
            [
                0.0,
                0.0,
                0.0,
                1.0
            ]
        ],
        [
            [
                0.8715088164031543,
                -0.27142408720276534,
                0.40847071741085317,
                -0.39232213166172775
            ],
            [
                -0.4904207341079432,
                -0.4823699496456618,
                0.7258579456551462,
                -0.8379524946658421
            ],
            [
                1.3646186650462687e-05,
                -0.8329008256998174,
                -0.5534824536885575,
                0.5273537250470616
            ],
            [
                0.0,
                0.0,
                0.0,
                1.0
            ]
        ],
        [
            [
                0.8369339678148063,
                -0.25147890521678146,
                0.4861607275618002,
                -0.39305118436614656
            ],
            [
                -0.54734952188067,
                -0.3846271063875446,
                0.7433314087732792,
                -0.8220599593311224
            ],
            [
                5.304877602776156e-05,
                -0.8882021398169285,
                -0.4595355152983126,
                0.48768655638929975
            ],
            [
                0.0,
                0.0,
                0.0,
                1.0
            ]
        ],
        [
            [
                0.7791411160342029,
                -0.22979303283673896,
                0.5832621449089325,
                -0.4199488034429837
            ],
            [
                -0.6268953053477838,
                -0.28565207363714085,
                0.7248997652594181,
                -0.7915837223637857
            ],
            [
                2.598104672011734e-05,
                -0.9304217390724933,
                -0.36660295329824794,
                0.4691193455923765
            ],
            [
                0.0,
                0.0,
                0.0,
                1.0
            ]
        ],
        [
            [
                0.7061435880568433,
                -0.1900775084068269,
                0.6821266609116642,
                -0.45795517895255133
            ],
            [
                -0.7081119120050057,
                -0.18963185763862994,
                0.6802164139439314,
                -0.7610575269289114
            ],
            [
                5.1287190651012994e-05,
                -0.9633250974639709,
                -0.26849016044483714,
                0.4622681138946407
            ],
            [
                0.0,
                0.0,
                0.0,
                1.0
            ]
        ],
        [
            [
                0.6170546367247136,
                -0.11728592132079782,
                0.7781747505445716,
                -0.504489273293031
            ],
            [
                -0.7869628187653729,
                -0.09205761295330388,
                0.6101600369442425,
                -0.7466689295821107
            ],
            [
                6.485756427385314e-05,
                -0.9888658888857045,
                -0.14909460530804633,
                0.4682933182817775
            ],
            [
                0.0,
                0.0,
                0.0,
                1.0
            ]
        ],
        [
            [
                0.5542474611772219,
                -0.05771353207776968,
                0.8303914287813159,
                -0.5337205137921944
            ],
            [
                -0.8323969647882414,
                -0.038500201799829006,
                0.5529196395748601,
                -0.7800868752909978
            ],
            [
                5.0378903604999965e-05,
                -0.9976337396012493,
                -0.06937234259781731,
                0.4930430856390851
            ],
            [
                0.0,
                0.0,
                0.0,
                1.0
            ]
        ],
        [
            [
                0.5218012181850036,
                -0.04236005977076237,
                0.8520598461996038,
                -0.5422673081203752
            ],
            [
                -0.8531136665974277,
                -0.025966658873264173,
                0.5211659098231369,
                -0.82809797319514
            ],
            [
                3.934835233707064e-05,
                -0.9988087896968879,
                -0.04968102458164729,
                0.5218973854303648
            ],
            [
                0.0,
                0.0,
                0.0,
                1.0
            ]
        ],
        [
            [
                0.4832053638788226,
                -0.05284823649673342,
                0.8739562459241869,
                -0.541437005823491
            ],
            [
                -0.8755537165018688,
                -0.02922696379846453,
                0.48233224318172324,
                -0.904609484458074
            ],
            [
                4.3143435973239725e-05,
                -0.9982186050128986,
                -0.060387099821729184,
                0.5711970208842787
            ],
            [
                0.0,
                0.0,
                0.0,
                1.0
            ]
        ]
    ],
    "trj_gt": [
        [
            [
                0.9062491181555123,
                -0.29543112396795923,
                0.3023788796086532,
                -0.35691592145645423
            ],
            [
                -0.42274405476878807,
                -0.633324567315529,
                0.6482186796076165,
                -0.6602722315763628
            ],
            [
                1.5601120508217843e-16,
                -0.7152764804085384,
                -0.6988415818870353,
                0.819236592617919
            ],
            [
                0.0,
                0.0,
                0.0,
                1.0
            ]
        ],
        [
            [
                0.9244909309264356,
                -0.25013209168528516,
                0.28766378872551224,
                -0.2955535868115702
            ],
            [
                -0.38120403806199643,
                -0.6066170008909975,
                0.6976383702142817,
                -0.6350980390528972
            ],
            [
                8.929762253003398e-17,
                -0.7546189441957813,
                -0.656163279268845,
                0.7815705651857322
            ],
            [
                0.0,
                0.0,
                0.0,
                1.0
            ]
        ],
        [
            [
                0.9348875099005827,
                -0.2221325552374949,
                0.2768437677383201,
                -0.2572174064887267
            ],
            [
                -0.35494414184754136,
                -0.5850750215312329,
                0.7291789048980637,
                -0.6205962112434001
            ],
            [
                7.541268900051609e-17,
                -0.7799643242379031,
                -0.6258239791795384,
                0.7525957042818391
            ],
            [
                0.0,
                0.0,
                0.0,
                1.0
            ]
        ],
        [
            [
                0.9412075804282469,
                -0.2042119080803877,
                0.2691203952556778,
                -0.23673227138891514
            ],
            [
                -0.3378287888034485,
                -0.5689443951172681,
                0.749782624978894,
                -0.6155931517433116
            ],
            [
                1.0319316512864671e-16,
                -0.7966177074750556,
                -0.6044834390925751,
                0.726476218386626
            ],
            [
                0.0,
                0.0,
                0.0,
                1.0
            ]
        ],
        [
            [
                0.9394053099761346,
                -0.20825692994834089,
                0.2722989436577643,
                -0.2692094879984524
            ],
            [
                -0.34280849404389385,
                -0.5706908353552919,
                0.746186509428331,
                -0.6445817968880586
            ],
            [
                1.3034643418155833e-16,
                -0.7943179599945925,
                -0.6075022456172726,
                0.6957385490202624
            ],
            [
                0.0,
                0.0,
                0.0,
                1.0
            ]
        ],
        [
            [
                0.9347311011816037,
                -0.2200844951405503,
                0.27899925355196814,
                -0.29731052397133195
            ],
            [
                -0.35535583361445794,
                -0.5789121861410583,
                0.7338820833441532,
                -0.6648937299556257
            ],
            [
                9.591707170413128e-17,
                -0.7851264202255008,
                -0.6193355344753684,
                0.6893174880611332
            ],
            [
                0.0,
                0.0,
                0.0,
                1.0
            ]
        ],
        [
            [
                0.9281803567570602,
                -0.23571376798863514,
                0.28795875557262773,
                -0.32896029214046
            ],
            [
                -0.37213065626246994,
                -0.5879249279315751,
                0.718236071070171,
                -0.6884588026600496
            ],
            [
                1.021585110557824e-16,
                -0.7738108933694667,
                -0.6334166885256087,
                0.6832267805516166
            ],
            [
                0.0,
                0.0,
                0.0,
                1.0
            ]
        ],
        [
            [
                0.9199519741572093,
                -0.2538029172757838,
                0.298784946787074,
                -0.36091255548487144
            ],
            [
                -0.3920310768858165,
                -0.5955815968710098,
                0.7011377869037762,
                -0.7140404774884791
            ],
            [
                1.1113817480728552e-16,
                -0.7621460756645537,
                -0.647405096789576,
                0.6760729576452654
            ],
            [
                0.0,
                0.0,
                0.0,
                1.0
            ]
        ],
        [
            [
                0.9104580819625682,
                -0.27249274201875273,
                0.3111491387359814,
                -0.3899210769836006
            ],
            [
                -0.41360135515861346,
                -0.5998365724695762,
                0.6849306573215344,
                -0.7404022169280619
            ],
            [
                1.0295850451890028e-16,
                -0.7522923579799629,
                -0.658829422631494,
                0.6664625504956331
            ],
            [
                0.0,
                0.0,
                0.0,
                1.0
            ]
        ],
        [
            [
                0.9004877713793353,
                -0.28918965374866545,
                0.32479396201438937,
                -0.41273961961568256
            ],
            [
                -0.434881332775135,
                -0.5988110484032875,
                0.6725351698713444,
                -0.7663074834659469
            ],
            [
                4.3848697595439634e-17,
                -0.7468565273698039,
                -0.6649852085009992,
                0.6530020902562726
            ],
            [
                0.0,
                0.0,
                0.0,
                1.0
            ]
        ],
        [
            [
                0.8837986904934907,
                -0.3006284625662398,
                0.35850021224129,
                -0.42477845982811935
            ],
            [
                -0.4678673686868865,
                -0.5678853865932395,
                0.6772047792299286,
                -0.8165017111271731
            ],
            [
                1.0055077717574422e-16,
                -0.7662432480543672,
                -0.6425506087547453,
                0.6014894312494914
            ],
            [
                0.0,
                0.0,
                0.0,
                1.0
            ]
        ],
        [
            [
                0.8804172696311173,
                -0.28983277210950137,
                0.3753163939219955,
                -0.41093639745992006
            ],
            [
                -0.47419977998232843,
                -0.5381145007696428,
                0.6968266303221695,
                -0.8316163867419938
            ],
            [
                6.269365045104511e-17,
                -0.7914731506960676,
                -0.6112039362825145,
                0.5686673882127427
            ],
            [
                0.0,
                0.0,
                0.0,
                1.0
            ]
        ],
        [
            [
                0.8715867320304534,
                -0.27111910266499994,
                0.40844950816300374,
                -0.3924283894314355
            ],
            [
                -0.4902413370458212,
                -0.4820152745722664,
                0.726171265288395,
                -0.8387707371505966
            ],
            [
                1.4509795945164925e-16,
                -0.8331600730046708,
                -0.5530319093423561,
                0.5266163997387078
            ],
            [
                0.0,
                0.0,
                0.0,
                1.0
            ]
        ],
        [
            [
                0.8370143831926149,
                -0.25117812210594886,
                0.48612392792786424,
                -0.39324780591136044
            ],
            [
                -0.5471808862969232,
                -0.38422340072731526,
                0.743616471041928,
                -0.8228559116607391
            ],
            [
                1.7022588206750663e-17,
                -0.8884154035747388,
                -0.45904038024027266,
                0.4867806100980484
            ],
            [
                0.0,
                0.0,
                0.0,
                1.0
            ]
        ],
        [
            [
                0.7791660051315654,
                -0.2294495948250845,
                0.5833122833285118,
                -0.42047846609952394
            ],
            [
                -0.6268176261460088,
                -0.28521744877875105,
                0.7250866641063144,
                -0.7922626706506163
            ],
            [
                8.007597300291686e-17,
                -0.9305933001836758,
                -0.3660547905071792,
                0.4681599208381506
            ],
            [
                0.0,
                0.0,
                0.0,
                1.0
            ]
        ],
        [
            [
                0.706105647616174,
                -0.18971200884934597,
                0.6822200290983028,
                -0.45878615506054155
            ],
            [
                -0.7081064993378774,
                -0.18917595163212111,
                0.6802923231372952,
                -0.7615732184543742
            ],
            [
                9.567376205420335e-17,
                -0.9634426879801553,
                -0.26791451430927166,
                0.46119039875951756
            ],
            [
                0.0,
                0.0,
                0.0,
                1.0
            ]
        ],
        [
            [
                0.6169431285463955,
                -0.11691406574893896,
                0.7782751938546147,
                -0.5055553514799334
            ],
            [
                -0.7870077357557458,
                -0.09165008959532704,
                0.6100976027962928,
                -0.7469719936463773
            ],
            [
                1.0882046883852939e-16,
                -0.9889041218981856,
                -0.1485551671695694,
                0.4670883334687302
            ],
            [
                0.0,
                0.0,
                0.0,
                1.0
            ]
        ],
        [
            [
                0.5540682782721813,
                -0.05731757330529677,
                0.8304956585093581,
                -0.5349291506331308
            ],
            [
                -0.8324712265372904,
                -0.03814888508291628,
                0.5527533985010222,
                -0.7801345202407443
            ],
            [
                1.277857368973907e-16,
                -0.9976268632897386,
                -0.06885231762749618,
                0.4917914821622508
            ],
            [
                0.0,
                0.0,
                0.0,
                1.0
            ]
        ],
        [
            [
                0.521566136245921,
                -0.04199854961117748,
                0.8521765587905235,
                -0.5435765117162565
            ],
            [
                -0.8532108564250113,
                -0.02567363165116947,
                0.520933872114627,
                -0.8278641833594801
            ],
            [
                1.2705179118898174e-16,
                -0.9987877584694347,
                -0.0492241153460625,
                0.5207259278227788
            ],
            [
                0.0,
                0.0,
                0.0,
                1.0
            ]
        ],
        [
            [
                0.48288543164939474,
                -0.05254772881675784,
                0.8741054833925813,
                -0.5428464273204764
            ],
            [
                -0.8756835386718068,
                -0.028976829632269226,
                0.48201523154739084,
                -0.9041710798931256
            ],
            [
                1.2490084984812513e-16,
                -0.9981979160169905,
                -0.06000767000423428,
                0.5702110415112239
            ],
            [
                0.0,
                0.0,
                0.0,
                1.0
            ]
        ]
    ]
}