{
    "trj_id": [
        0,
        4,
        8,
        13,
        24,
        28,
        32,
        36,
        40,
        44,
        53,
        57,
        62,
        68,
        73,
        78,
        85,
        93,
        99,
        107,
        113,
        118,
        124,
        131,
        137,
        143,
        149,
        155,
        161,
        168,
        174,
        180,
        186,
        192,
        197,
        202,
        207,
        212,
        217,
        222
    ],
    "trj_est": [
        [
            [
                0.9062491181555123,
                -0.29543112396795923,
                0.3023788796086532,
                -0.35691592145645423
            ],
            [
                -0.42274405476878807,
                -0.633324567315529,
                0.6482186796076165,
                -0.6602722315763628
            ],
            [
                1.5601120508217843e-16,
                -0.7152764804085384,
                -0.6988415818870353,
                0.819236592617919
            ],
            [
                0.0,
                0.0,
                0.0,
                1.0
            ]
        ],
        [
            [
                0.9244361878177019,
                -0.25011015799048886,
                0.28786854221301017,
                -0.29583246696277926
            ],
            [
                -0.3813429505352982,
                -0.6065993714709884,
                0.697583317778336,
                -0.6348850036280875
            ],
            [
                0.00014909247780660402,
                -0.7546469686515032,
                -0.6561371878425534,
                0.7815631701096715
            ],
            [
                0.0,
                0.0,
                0.0,
                1.0
            ]
        ],
        [
            [
                0.9348284266716953,
                -0.22215471830324796,
                0.27703670788672846,
                -0.25748928272333227
            ],
            [
                -0.35510596326010246,
                -0.5851055838619021,
                0.7290831291828839,
                -0.6202444626556322
            ],
            [
                0.00012681416685062722,
                -0.7799451868364556,
                -0.6258584749711277,
                0.7526750720811557
            ],
            [
                0.0,
                0.0,
                0.0,
                1.0
            ]
        ],
        [
            [
                0.9411347455481535,
                -0.20426829794658014,
                0.2693484000489939,
                -0.23704319209934532
            ],
            [
                -0.33804264739095496,
                -0.5690174435382155,
                0.7496388558036957,
                -0.6150317710282576
            ],
            [
                0.00013564507444645065,
                -0.7965623785572327,
                -0.6045678141045002,
                0.7266267953466109
            ],
            [
                0.0,
                0.0,
                0.0,
                1.0
            ]
        ],
        [
            [
                0.9393255879040681,
                -0.20837263865466318,
                0.27251479892288083,
                -0.2695824871674728
            ],
            [
                -0.3430459824866245,
                -0.5707923360963603,
                0.7460138505402443,
                -0.6439626832678013
            ],
            [
                9.784479523006135e-05,
                -0.7942321359570954,
                -0.6076326976710227,
                0.6958921315712228
            ],
            [
                0.0,
                0.0,
                0.0,
                1.0
            ]
        ],
        [
            [
                0.9346660114971257,
                -0.22019331893202457,
                0.27916194302477776,
                -0.2976071561780759
            ],
            [
                -0.3555462716446038,
                -0.57901782380178,
                0.7337233632112027,
                -0.6643392709676618
            ],
            [
                7.500487880270276e-05,
                -0.7850395282380791,
                -0.6194679469735551,
                0.6894739710238303
            ],
            [
                0.0,
                0.0,
                0.0,
                1.0
            ]
        ],
        [
            [
                0.9281246442670442,
                -0.2357645612864277,
                0.2881309681398793,
                -0.32921664226434505
            ],
            [
                -0.37229014310086517,
                -0.5880141419590236,
                0.7180989983578367,
                -0.6879885087337938
            ],
            [
                0.00011880702656661801,
                -0.7737507852438258,
                -0.6335149260174401,
                0.6833678799686271
            ],
            [
                0.0,
                0.0,
                0.0,
                1.0
            ]
        ],
        [
            [
                0.9199063791303981,
                -0.25395618929263386,
                0.2988354376588636,
                -0.3611114028065261
            ],
            [
                -0.3921635541238434,
                -0.5957132278433641,
                0.7009724038440021,
                -0.7135701854573286
            ],
            [
                9.525607200731153e-08,
                -0.7620186017073056,
                -0.6475844304396576,
                0.6762392252191031
            ],
            [
                0.0,
                0.0,
                0.0,
                1.0
            ]
        ],
        [
            [
                0.9104140007860843,
                -0.2725890075295864,
                0.3112325875716596,
                -0.39003378582414305
            ],
            [
                -0.4137222238548925,
                -0.5999695326169007,
                0.68476751910754,
                -0.7399532247162489
            ],
            [
                6.636378365137779e-05,
                -0.7521845386177254,
                -0.6589851367858343,
                0.6666547153517244
            ],
            [
                0.0,
                0.0,
                0.0,
                1.0
            ]
        ],
        [
            [
                0.900452554888669,
                -0.28930683178102606,
                0.3248311586366124,
                -0.41273593410189696
            ],
            [
                -0.4349827286844318,
                -0.5989820494873894,
                0.6723456904169964,
                -0.7658443174919001
            ],
            [
                4.991603994817411e-05,
                -0.7467040950288916,
                -0.6651857056795163,
                0.6532970027836827
            ],
            [
                0.0,
                0.0,
                0.0,
                1.0
            ]
        ],
        [
            [
                0.883761816800289,
                -0.30084844883575457,
                0.35846089020109034,
                -0.42465651200870214
            ],
            [
                -0.4679728044407193,
                -0.5681304084419275,
                0.6769689147510378,
                -0.8159479892971293
            ],
            [
                -1.7311095205531505e-05,
                -0.7660188918059586,
                -0.6428617944736476,
                0.6019356165521317
            ],
            [
                0.0,
                0.0,
                0.0,
                1.0
            ]
        ],
        [
            [
                0.8803857980962356,
                -0.2900857702586483,
                0.3752509367529021,
                -0.41084523799314443
            ],
            [
                -0.4742968198948622,
                -0.5384088104882117,
                0.6965763040929598,
                -0.8309183050244754
            ],
            [
                -3.3601496461821346e-05,
                -0.7912250262419627,
                -0.6115735525957379,
                0.5692062619578786
            ],
            [
                0.0,
                0.0,
                0.0,
                1.0
            ]
        ],
        [
            [
                0.8715088164031543,
                -0.27142408720276534,
                0.40847071741085317,
                -0.39232213166172775
            ],
            [
                -0.4904207341079432,
                -0.4823699496456618,
                0.7258579456551462,
                -0.8379524946658421
            ],
            [
                1.3646186650462687e-05,
                -0.8329008256998174,
                -0.5534824536885575,
                0.5273537250470616
            ],
            [
                0.0,
                0.0,
                0.0,
                1.0
            ]
        ],
        [
            [
                0.8369339678148063,
                -0.25147890521678146,
                0.4861607275618002,
                -0.39305118436614656
            ],
            [
                -0.54734952188067,
                -0.3846271063875446,
                0.7433314087732792,
                -0.8220599593311224
            ],
            [
                5.304877602776156e-05,
                -0.8882021398169285,
                -0.4595355152983126,
                0.48768655638929975
            ],
            [
                0.0,
                0.0,
                0.0,
                1.0
            ]
        ],
        [
            [
                0.7791411160342029,
                -0.22979303283673896,
                0.5832621449089325,
                -0.4199488034429837
            ],
            [
                -0.6268953053477838,
                -0.28565207363714085,
                0.7248997652594181,
                -0.7915837223637857
            ],
            [
                2.598104672011734e-05,
                -0.9304217390724933,
                -0.36660295329824794,
                0.4691193455923765
            ],
            [
                0.0,
                0.0,
                0.0,
                1.0
            ]
        ],
        [
            [
                0.7061472141201546,
                -0.19008289158870584,
                0.6821214690689724,
                -0.45797581686138494
            ],
            [
                -0.7081085463058205,
                -0.189619248986306,
                0.6802239094555788,
                -0.7610793259793402
            ],
            [
                3.652332458006568e-05,
                -0.9633264352169306,
                -0.26848514546554986,
                0.46225474582715975
            ],
            [
                0.0,
                0.0,
                0.0,
                1.0
            ]
        ],
        [
            [
                0.6170121609042506,
                -0.11731975608671953,
                0.7782033757584432,
                -0.5046259695178524
            ],
            [
                -0.7869962353580529,
                -0.09207479963309896,
                0.610114960221111,
                -0.7465257413555233
            ],
            [
                6.546394707006572e-05,
                -0.9888607656425407,
                -0.14913179343686214,
                0.4682568483957005
            ],
            [
                0.0,
                0.0,
                0.0,
                1.0
            ]
        ],
        [
            [
                0.5541402217664916,
                -0.05773102758112846,
                0.8304620733951983,
                -0.5340638236116227
            ],
            [
                -0.8324690904773769,
                -0.0385481138061332,
                0.5528091498204267,
                -0.7797652742772899
            ],
            [
                8.963340923242108e-05,
                -0.9976302838586503,
                -0.06941338716399494,
                0.4930016044598032
            ],
            [
                0.0,
                0.0,
                0.0,
                1.0
            ]
        ],
        [
            [
                0.5217247621011312,
                -0.04241026617261511,
                0.8521044511895753,
                -0.542571891146477
            ],
            [
                -0.8531607515048072,
                -0.02604022575218136,
                0.5210853807385932,
                -0.827881323237112
            ],
            [
                8.067817076539196e-05,
                -0.9988053505135657,
                -0.04976222340919177,
                0.5219571039250565
            ],
            [
                0.0,
                0.0,
                0.0,
                1.0
            ]
        ],
        [
            [
                0.4830454485412333,
                -0.052916527736125825,
                0.8740399482738881,
                -0.5417975997700868
            ],
            [
                -0.8756417615932108,
                -0.029299998560036036,
                0.4821679487938066,
                -0.9043138827188854
            ],
            [
                8.503177222788489e-05,
                -0.9982128942839978,
                -0.060481747309662576,
                0.5714013257022463
            ],
            [
                0.0,
                0.0,
                0.0,
                1.0
            ]
        ],
        [
            [
                0.44907736433585577,
                -0.07775982410654937,
                0.8901489559896919,
                -0.5357637088807953
            ],
            [
                -0.8935410579269422,
                -0.03918584523601999,
                0.4473759754178574,
                -0.9590836787248103
            ],
            [
                8.410883293352311e-05,
                -0.9962456800994874,
                -0.08707096850932025,
                0.6146324828470904
            ],
            [
                0.0,
                0.0,
                0.0,
                1.0
            ]
        ],
        [
            [
                0.4126551468331952,
                -0.10646302684924985,
                0.9046897844919836,
                -0.5295868979170774
            ],
            [
                -0.9109371759972108,
                -0.04835552676349334,
                0.40982423156838205,
                -0.9953831712848751
            ],
            [
                0.00010655074208140662,
                -0.993183914743701,
                -0.11692610241004717,
                0.6534833035308633
            ],
            [
                0.0,
                0.0,
                0.0,
                1.0
            ]
        ],
        [
            [
                0.35417649924029604,
                -0.14755865506359991,
                0.9235093443762642,
                -0.5233818882951622
            ],
            [
                -0.9352279862046878,
                -0.05600025497112152,
                0.34973222902588263,
                -1.0197460715544588
            ],
            [
                0.00010115838236925255,
                -0.9875130108916123,
                -0.15782415331062266,
                0.7017855848203027
            ],
            [
                0.0,
                0.0,
                0.0,
                1.0
            ]
        ],
        [
            [
                0.2643448359480388,
                -0.1992123017802893,
                0.9436742886834124,
                -0.5187328564131007
            ],
            [
                -0.9644790936656058,
                -0.05475333015990694,
                0.25862280804467164,
                -1.0173927635824438
            ],
            [
                0.00013928794428713266,
                -0.978472004259886,
                -0.206596595485918,
                0.7591042620452361
            ],
            [
                0.0,
                0.0,
                0.0,
                1.0
            ]
        ],
        [
            [
                0.17733508284610774,
                -0.2405763550659509,
                0.9543374210932514,
                -0.5143278593875145
            ],
            [
                -0.9842020612541686,
                -0.043516335589150856,
                0.1719214738544262,
                -0.9965799542140563
            ],
            [
                0.00015886772543764784,
                -0.9697021301862471,
                -0.24447843779625789,
                0.8077234342877958
            ],
            [
                0.0,
                0.0,
                0.0,
                1.0
            ]
        ],
        [
            [
                0.09026622823045787,
                -0.2741454763781067,
                0.9574869118147713,
                -0.5066177620670507
            ],
            [
                -0.9959687005907456,
                -0.02503462915867235,
                0.08673232290284243,
                -0.9660080218020031
            ],
            [
                0.0001821587163403424,
                -0.9614107739325211,
                -0.27528525499846174,
                0.8544388982187592
            ],
            [
                0.0,
                0.0,
                0.0,
                1.0
            ]
        ],
        [
            [
                0.010314888344735136,
                -0.29811816713473,
                0.9545204566686665,
                -0.49283814652692365
            ],
            [
                -0.9999969141685833,
                -0.0033027090525430494,
                0.009780782675866974,
                -0.9328609158645469
            ],
            [
                0.00022597150459729393,
                -0.9545723115612688,
                -0.29813691818740246,
                0.8982001501409603
            ],
            [
                0.0,
                0.0,
                0.0,
                1.0
            ]
        ],
        [
            [
                -0.06135854781122296,
                -0.31462224720945975,
                0.9472795282104851,
                -0.47259337695753595
            ],
            [
                -0.9981660768459353,
                0.019128763347219427,
                -0.05829673669841034,
                -0.9002806238593035
            ],
            [
                0.0002102472739775322,
                -0.9490736007116276,
                -0.31520506436562273,
                0.9390858026842052
            ],
            [
                0.0,
                0.0,
                0.0,
                1.0
            ]
        ],
        [
            [
                -0.12623868438639593,
                -0.32604161771127355,
                0.9369386208197668,
                -0.4464567996971821
            ],
            [
                -0.9920497027472219,
                0.041267471519173635,
                -0.11930018263815231,
                -0.8691949583721942
            ],
            [
                0.0002205801324361564,
                -0.9445031939294015,
                -0.32864507740437854,
                0.9769252572184514
            ],
            [
                0.0,
                0.0,
                0.0,
                1.0
            ]
        ],
        [
            [
                -0.19577674918793886,
                -0.3355175136340913,
                0.9215175535098611,
                -0.4091522178295614
            ],
            [
                -0.9806976749812144,
                0.06679523553168877,
                -0.1840293688904729,
                -0.8363057600468954
            ],
            [
                0.00018095720737989815,
                -0.9397113988650486,
                -0.3421042451520523,
                1.0172482003221441
            ],
            [
                0.0,
                0.0,
                0.0,
                1.0
            ]
        ],
        [
            [
                -0.2523879748550193,
                -0.3419679442419979,
                0.9052393934233576,
                -0.37212908942313794
            ],
            [
                -0.9676772579533832,
                0.08908219693819938,
                -0.23614371363243003,
                -0.8123590156956676
            ],
            [
                0.00010182890199551502,
                -0.9355307555625588,
                -0.35338320505484955,
                1.048547637637909
            ],
            [
                0.0,
                0.0,
                0.0,
                1.0
            ]
        ],
        [
            [
                -0.3084487745689572,
                -0.347931575120415,
                0.8853838181198666,
                -0.33090755802480915
            ],
            [
                -0.9512926230108557,
                0.11274398121264742,
                -0.28710697304814614,
                -0.7930601577033877
            ],
            [
                5.9388464698121266e-05,
                -0.9307689996024932,
                -0.3657469035673343,
                1.0769723634090878
            ],
            [
                0.0,
                0.0,
                0.0,
                1.0
            ]
        ],
        [
            [
                -0.3660013381966038,
                -0.35381988879221504,
                0.860788105936539,
                -0.28601756183499205
            ],
            [
                -0.9306689914834667,
                0.13911545528031602,
                -0.3385362835944553,
                -0.7796621343827758
            ],
            [
                1.9708900089094958e-05,
                -0.9249644974518864,
                -0.380190304323543,
                1.1025211350792967
            ],
            [
                0.0,
                0.0,
                0.0,
                1.0
            ]
        ],
        [
            [
                -0.42591432009251995,
                -0.35892878037435644,
                0.8305868297101872,
                -0.23799564587523211
            ],
            [
                -0.9048238265753935,
                0.16900030092234636,
                -0.39095686809024854,
                -0.7730217134887586
            ],
            [
                -5.6019595360031064e-05,
                -0.9179944102420129,
                -0.39673047019354873,
                1.1252794455097361
            ],
            [
                0.0,
                0.0,
                0.0,
                1.0
            ]
        ],
        [
            [
                -0.4768168434216747,
                -0.36158610881680475,
                0.8012567595309433,
                -0.19607235808329007
            ],
            [
                -0.8790670395149999,
                0.19620726208581876,
                -0.43458361494312747,
                -0.77377214690954
            ],
            [
                -8.484719110325091e-05,
                -0.9115177311196571,
                -0.4113946802036425,
                1.1420849931202361
            ],
            [
                0.0,
                0.0,
                0.0,
                1.0
            ]
        ],
        [
            [
                -0.5279291044975077,
                -0.36187893050813885,
                0.7684124323995548,
                -0.15264937074326967
            ],
            [
                -0.8493603748517762,
                0.22506991980673752,
                -0.4775519932070598,
                -0.780408356769359
            ],
            [
                -0.00014212198857521357,
                -0.9047101082832149,
                -0.42616501800891526,
                1.1570172922483852
            ],
            [
                0.0,
                0.0,
                0.0,
                1.0
            ]
        ],
        [
            [
                -0.5782900403197506,
                -0.35920330462256966,
                0.7325889704621663,
                -0.10829042548067143
            ],
            [
                -0.8159126853431609,
                0.25482525048891,
                -0.5191209872753542,
                -0.7935853405263117
            ],
            [
                -0.000224585157498913,
                -0.8978585593729915,
                -0.4404174752313301,
                1.1699789063664567
            ],
            [
                0.0,
                0.0,
                0.0,
                1.0
            ]
        ],
        [
            [
                -0.6270429126604737,
                -0.3528061780596196,
                0.6946116323007873,
                -0.06428275006718193
            ],
            [
                -0.7790761295309832,
                0.2843356350018192,
                -0.5588760935309223,
                -0.8128608578783963
            ],
            [
                -0.00033912285320631606,
                -0.8915162190289007,
                -0.45312623098758104,
                1.180441492379605
            ],
            [
                0.0,
                0.0,
                0.0,
                1.0
            ]
        ],
        [
            [
                -0.6732557659925111,
                -0.34209018535986446,
                0.6556283084793071,
                -0.022266467651363732
            ],
            [
                -0.739511131177387,
                0.31193042221156453,
                -0.5966414965029392,
                -0.8368105120427818
            ],
            [
                -0.00041696411364105065,
                -0.8864545204779357,
                -0.46295838353348084,
                1.187497319285606
            ],
            [
                0.0,
                0.0,
                0.0,
                1.0
            ]
        ],
        [
            [
                -0.7155126167341423,
                -0.3272354937537817,
                0.6173467533601252,
                0.015609357260054421
            ],
            [
                -0.6987134712890333,
                0.33585758159969487,
                -0.6317968482454733,
                -0.8656370045158457
            ],
            [
                -0.0006051877800318425,
                -0.8833170544457251,
                -0.468920743159123,
                1.1905939131902712
            ],
            [
                0.0,
                0.0,
                0.0,
                1.0
            ]
        ]
    ],
    "trj_gt": [
        [
            [
                0.9062491181555123,
                -0.29543112396795923,
                0.3023788796086532,
                -0.35691592145645423
            ],
            [
                -0.42274405476878807,
                -0.633324567315529,
                0.6482186796076165,
                -0.6602722315763628
            ],
            [
                1.5601120508217843e-16,
                -0.7152764804085384,
                -0.6988415818870353,
                0.819236592617919
            ],
            [
                0.0,
                0.0,
                0.0,
                1.0
            ]
        ],
        [
            [
                0.9244909309264356,
                -0.25013209168528516,
                0.28766378872551224,
                -0.2955535868115702
            ],
            [
                -0.38120403806199643,
                -0.6066170008909975,
                0.6976383702142817,
                -0.6350980390528972
            ],
            [
                8.929762253003398e-17,
                -0.7546189441957813,
                -0.656163279268845,
                0.7815705651857322
            ],
            [
                0.0,
                0.0,
                0.0,
                1.0
            ]
        ],
        [
            [
                0.9348875099005827,
                -0.2221325552374949,
                0.2768437677383201,
                -0.2572174064887267
            ],
            [
                -0.35494414184754136,
                -0.5850750215312329,
                0.7291789048980637,
                -0.6205962112434001
            ],
            [
                7.541268900051609e-17,
                -0.7799643242379031,
                -0.6258239791795384,
                0.7525957042818391
            ],
            [
                0.0,
                0.0,
                0.0,
                1.0
            ]
        ],
        [
            [
                0.9412075804282469,
                -0.2042119080803877,
                0.2691203952556778,
                -0.23673227138891514
            ],
            [
                -0.3378287888034485,
                -0.5689443951172681,
                0.749782624978894,
                -0.6155931517433116
            ],
            [
                1.0319316512864671e-16,
                -0.7966177074750556,
                -0.6044834390925751,
                0.726476218386626
            ],
            [
                0.0,
                0.0,
                0.0,
                1.0
            ]
        ],
        [
            [
                0.9394053099761346,
                -0.20825692994834089,
                0.2722989436577643,
                -0.2692094879984524
            ],
            [
                -0.34280849404389385,
                -0.5706908353552919,
                0.746186509428331,
                -0.6445817968880586
            ],
            [
                1.3034643418155833e-16,
                -0.7943179599945925,
                -0.6075022456172726,
                0.6957385490202624
            ],
            [
                0.0,
                0.0,
                0.0,
                1.0
            ]
        ],
        [
            [
                0.9347311011816037,
                -0.2200844951405503,
                0.27899925355196814,
                -0.29731052397133195
            ],
            [
                -0.35535583361445794,
                -0.5789121861410583,
                0.7338820833441532,
                -0.6648937299556257
            ],
            [
                9.591707170413128e-17,
                -0.7851264202255008,
                -0.6193355344753684,
                0.6893174880611332
            ],
            [
                0.0,
                0.0,
                0.0,
                1.0
            ]
        ],
        [
            [
                0.9281803567570602,
                -0.23571376798863514,
                0.28795875557262773,
                -0.32896029214046
            ],
            [
                -0.37213065626246994,
                -0.5879249279315751,
                0.718236071070171,
                -0.6884588026600496
            ],
            [
                1.021585110557824e-16,
                -0.7738108933694667,
                -0.6334166885256087,
                0.6832267805516166
            ],
            [
                0.0,
                0.0,
                0.0,
                1.0
            ]
        ],
        [
            [
                0.9199519741572093,
                -0.2538029172757838,
                0.298784946787074,
                -0.36091255548487144
            ],
            [
                -0.3920310768858165,
                -0.5955815968710098,
                0.7011377869037762,
                -0.7140404774884791
            ],
            [
                1.1113817480728552e-16,
                -0.7621460756645537,
                -0.647405096789576,
                0.6760729576452654
            ],
            [
                0.0,
                0.0,
                0.0,
                1.0
            ]
        ],
        [
            [
                0.9104580819625682,
                -0.27249274201875273,
                0.3111491387359814,
                -0.3899210769836006
            ],
            [
                -0.41360135515861346,
                -0.5998365724695762,
                0.6849306573215344,
                -0.7404022169280619
            ],
            [
                1.0295850451890028e-16,
                -0.7522923579799629,
                -0.658829422631494,
                0.6664625504956331
            ],
            [
                0.0,
                0.0,
                0.0,
                1.0
            ]
        ],
        [
            [
                0.9004877713793353,
                -0.28918965374866545,
                0.32479396201438937,
                -0.41273961961568256
            ],
            [
                -0.434881332775135,
                -0.5988110484032875,
                0.6725351698713444,
                -0.7663074834659469
            ],
            [
                4.3848697595439634e-17,
                -0.7468565273698039,
                -0.6649852085009992,
                0.6530020902562726
            ],
            [
                0.0,
                0.0,
                0.0,
                1.0
            ]
        ],
        [
            [
                0.8837986904934907,
                -0.3006284625662398,
                0.35850021224129,
                -0.42477845982811935
            ],
            [
                -0.4678673686868865,
                -0.5678853865932395,
                0.6772047792299286,
                -0.8165017111271731
            ],
            [
                1.0055077717574422e-16,
                -0.7662432480543672,
                -0.6425506087547453,
                0.6014894312494914
            ],
            [
                0.0,
                0.0,
                0.0,
                1.0
            ]
        ],
        [
            [
                0.8804172696311173,
                -0.28983277210950137,
                0.3753163939219955,
                -0.41093639745992006
            ],
            [
                -0.47419977998232843,
                -0.5381145007696428,
                0.6968266303221695,
                -0.8316163867419938
            ],
            [
                6.269365045104511e-17,
                -0.7914731506960676,
                -0.6112039362825145,
                0.5686673882127427
            ],
            [
                0.0,
                0.0,
                0.0,
                1.0
            ]
        ],
        [
            [
                0.8715867320304534,
                -0.27111910266499994,
                0.40844950816300374,
                -0.3924283894314355
            ],
            [
                -0.4902413370458212,
                -0.4820152745722664,
                0.726171265288395,
                -0.8387707371505966
            ],
            [
                1.4509795945164925e-16,
                -0.8331600730046708,
                -0.5530319093423561,
                0.5266163997387078
            ],
            [
                0.0,
                0.0,
                0.0,
                1.0
            ]
        ],
        [
            [
                0.8370143831926149,
                -0.25117812210594886,
                0.48612392792786424,
                -0.39324780591136044
            ],
            [
                -0.5471808862969232,
                -0.38422340072731526,
                0.743616471041928,
                -0.8228559116607391
            ],
            [
                1.7022588206750663e-17,
                -0.8884154035747388,
                -0.45904038024027266,
                0.4867806100980484
            ],
            [
                0.0,
                0.0,
                0.0,
                1.0
            ]
        ],
        [
            [
                0.7791660051315654,
                -0.2294495948250845,
                0.5833122833285118,
                -0.42047846609952394
            ],
            [
                -0.6268176261460088,
                -0.28521744877875105,
                0.7250866641063144,
                -0.7922626706506163
            ],
            [
                8.007597300291686e-17,
                -0.9305933001836758,
                -0.3660547905071792,
                0.4681599208381506
            ],
            [
                0.0,
                0.0,
                0.0,
                1.0
            ]
        ],
        [
            [
                0.706105647616174,
                -0.18971200884934597,
                0.6822200290983028,
                -0.45878615506054155
            ],
            [
                -0.7081064993378774,
                -0.18917595163212111,
                0.6802923231372952,
                -0.7615732184543742
            ],
            [
                9.567376205420335e-17,
                -0.9634426879801553,
                -0.26791451430927166,
                0.46119039875951756
            ],
            [
                0.0,
                0.0,
                0.0,
                1.0
            ]
        ],
        [
            [
                0.6169431285463955,
                -0.11691406574893896,
                0.7782751938546147,
                -0.5055553514799334
            ],
            [
                -0.7870077357557458,
                -0.09165008959532704,
                0.6100976027962928,
                -0.7469719936463773
            ],
            [
                1.0882046883852939e-16,
                -0.9889041218981856,
                -0.1485551671695694,
                0.4670883334687302
            ],
            [
                0.0,
                0.0,
                0.0,
                1.0
            ]
        ],
        [
            [
                0.5540682782721813,
                -0.05731757330529677,
                0.8304956585093581,
                -0.5349291506331308
            ],
            [
                -0.8324712265372904,
                -0.03814888508291628,
                0.5527533985010222,
                -0.7801345202407443
            ],
            [
                1.277857368973907e-16,
                -0.9976268632897386,
                -0.06885231762749618,
                0.4917914821622508
            ],
            [
                0.0,
                0.0,
                0.0,
                1.0
            ]
        ],
        [
            [
                0.521566136245921,
                -0.04199854961117748,
                0.8521765587905235,
                -0.5435765117162565
            ],
            [
                -0.8532108564250113,
                -0.02567363165116947,
                0.520933872114627,
                -0.8278641833594801
            ],
            [
                1.2705179118898174e-16,
                -0.9987877584694347,
                -0.0492241153460625,
                0.5207259278227788
            ],
            [
                0.0,
                0.0,
                0.0,
                1.0
            ]
        ],
        [
            [
                0.48288543164939474,
                -0.05254772881675784,
                0.8741054833925813,
                -0.5428464273204764
            ],
            [
                -0.8756835386718068,
                -0.028976829632269226,
                0.48201523154739084,
                -0.9041710798931256
            ],
            [
                1.2490084984812513e-16,
