{
    "trj_id": [
        0,
        4,
        8,
        13,
        24,
        28,
        32,
        36,
        40,
        44,
        53,
        57,
        62,
        68,
        73,
        78,
        85,
        93,
        99,
        107,
        113,
        118,
        124,
        131,
        137,
        143,
        149,
        155,
        161,
        168,
        174,
        180,
        186,
        192,
        197,
        202,
        207,
        212,
        217,
        222,
        227,
        232,
        237,
        242,
        247,
        252,
        257,
        262,
        267,
        272,
        276,
        280,
        284,
        288,
        292,
        296,
        300,
        305,
        311,
        317,
        322,
        327,
        332,
        336,
        341,
        346,
        352,
        358,
        365,
        372,
        379,
        385,
        391,
        397,
        404,
        410,
        416,
        421,
        426,
        432,
        438,
        443,
        448,
        453,
        458,
        463,
        467,
        471,
        475,
        480,
        489,
        495,
        500,
        505,
        510,
        515,
        520,
        525,
        531,
        537
    ],
    "trj_est": [
        [
            [
                0.9062491181555123,
                -0.29543112396795923,
                0.3023788796086532,
                -0.35691592145645423
            ],
            [
                -0.42274405476878807,
                -0.633324567315529,
                0.6482186796076165,
                -0.6602722315763628
            ],
            [
                1.5601120508217843e-16,
                -0.7152764804085384,
                -0.6988415818870353,
                0.819236592617919
            ],
            [
                0.0,
                0.0,
                0.0,
                1.0
            ]
        ],
        [
            [
                0.9244361878177019,
                -0.25011015799048886,
                0.28786854221301017,
                -0.29583246696277926
            ],
            [
                -0.3813429505352982,
                -0.6065993714709884,
                0.697583317778336,
                -0.6348850036280875
            ],
            [
                0.00014909247780660402,
                -0.7546469686515032,
                -0.6561371878425534,
                0.7815631701096715
            ],
            [
                0.0,
                0.0,
                0.0,
                1.0
            ]
        ],
        [
            [
                0.9348284266716953,
                -0.22215471830324796,
                0.27703670788672846,
                -0.25748928272333227
            ],
            [
                -0.35510596326010246,
                -0.5851055838619021,
                0.7290831291828839,
                -0.6202444626556322
            ],
            [
                0.00012681416685062722,
                -0.7799451868364556,
                -0.6258584749711277,
                0.7526750720811557
            ],
            [
                0.0,
                0.0,
                0.0,
                1.0
            ]
        ],
        [
            [
                0.9411347455481535,
                -0.20426829794658014,
                0.2693484000489939,
                -0.23704319209934532
            ],
            [
                -0.33804264739095496,
                -0.5690174435382155,
                0.7496388558036957,
                -0.6150317710282576
            ],
            [
                0.00013564507444645065,
                -0.7965623785572327,
                -0.6045678141045002,
                0.7266267953466109
            ],
            [
                0.0,
                0.0,
                0.0,
                1.0
            ]
        ],
        [
            [
                0.9393255879040681,
                -0.20837263865466318,
                0.27251479892288083,
                -0.2695824871674728
            ],
            [
                -0.3430459824866245,
                -0.5707923360963603,
                0.7460138505402443,
                -0.6439626832678013
            ],
            [
                9.784479523006135e-05,
                -0.7942321359570954,
                -0.6076326976710227,
                0.6958921315712228
            ],
            [
                0.0,
                0.0,
                0.0,
                1.0
            ]
        ],
        [
            [
                0.9346660114971257,
                -0.22019331893202457,
                0.27916194302477776,
                -0.2976071561780759
            ],
            [
                -0.3555462716446038,
                -0.57901782380178,
                0.7337233632112027,
                -0.6643392709676618
            ],
            [
                7.500487880270276e-05,
                -0.7850395282380791,
                -0.6194679469735551,
                0.6894739710238303
            ],
            [
                0.0,
                0.0,
                0.0,
                1.0
            ]
        ],
        [
            [
                0.9281246442670442,
                -0.2357645612864277,
                0.2881309681398793,
                -0.32921664226434505
            ],
            [
                -0.37229014310086517,
                -0.5880141419590236,
                0.7180989983578367,
                -0.6879885087337938
            ],
            [
                0.00011880702656661801,
                -0.7737507852438258,
                -0.6335149260174401,
                0.6833678799686271
            ],
            [
                0.0,
                0.0,
                0.0,
                1.0
            ]
        ],
        [
            [
                0.9199063791303981,
                -0.25395618929263386,
                0.2988354376588636,
                -0.3611114028065261
            ],
            [
                -0.3921635541238434,
                -0.5957132278433641,
                0.7009724038440021,
                -0.7135701854573286
            ],
            [
                9.525607200731153e-08,
                -0.7620186017073056,
                -0.6475844304396576,
                0.6762392252191031
            ],
            [
                0.0,
                0.0,
                0.0,
                1.0
            ]
        ],
        [
            [
                0.9104140007860843,
                -0.2725890075295864,
                0.3112325875716596,
                -0.39003378582414305
            ],
            [
                -0.4137222238548925,
                -0.5999695326169007,
                0.68476751910754,
                -0.7399532247162489
            ],
            [
                6.636378365137779e-05,
                -0.7521845386177254,
                -0.6589851367858343,
                0.6666547153517244
            ],
            [
                0.0,
                0.0,
                0.0,
                1.0
            ]
        ],
        [
            [
                0.900452554888669,
                -0.28930683178102606,
                0.3248311586366124,
                -0.41273593410189696
            ],
            [
                -0.4349827286844318,
                -0.5989820494873894,
                0.6723456904169964,
                -0.7658443174919001
            ],
            [
                4.991603994817411e-05,
                -0.7467040950288916,
                -0.6651857056795163,
                0.6532970027836827
            ],
            [
                0.0,
                0.0,
                0.0,
                1.0
            ]
        ],
        [
            [
                0.883761816800289,
                -0.30084844883575457,
                0.35846089020109034,
                -0.42465651200870214
            ],
            [
                -0.4679728044407193,
                -0.5681304084419275,
                0.6769689147510378,
                -0.8159479892971293
            ],
            [
                -1.7311095205531505e-05,
                -0.7660188918059586,
                -0.6428617944736476,
                0.6019356165521317
            ],
            [
                0.0,
                0.0,
                0.0,
                1.0
            ]
        ],
        [
            [
                0.8803857980962356,
                -0.2900857702586483,
                0.3752509367529021,
                -0.41084523799314443
            ],
            [
                -0.4742968198948622,
                -0.5384088104882117,
                0.6965763040929598,
                -0.8309183050244754
            ],
            [
                -3.3601496461821346e-05,
                -0.7912250262419627,
                -0.6115735525957379,
                0.5692062619578786
            ],
            [
                0.0,
                0.0,
                0.0,
                1.0
            ]
        ],
        [
            [
                0.8715088164031543,
                -0.27142408720276534,
                0.40847071741085317,
                -0.39232213166172775
            ],
            [
                -0.4904207341079432,
                -0.4823699496456618,
                0.7258579456551462,
                -0.8379524946658421
            ],
            [
                1.3646186650462687e-05,
                -0.8329008256998174,
                -0.5534824536885575,
                0.5273537250470616
            ],
            [
                0.0,
                0.0,
                0.0,
                1.0
            ]
        ],
        [
            [
                0.8369339678148063,
                -0.25147890521678146,
                0.4861607275618002,
                -0.39305118436614656
            ],
            [
                -0.54734952188067,
                -0.3846271063875446,
                0.7433314087732792,
                -0.8220599593311224
            ],
            [
                5.304877602776156e-05,
                -0.8882021398169285,
                -0.4595355152983126,
                0.48768655638929975
            ],
            [
                0.0,
                0.0,
                0.0,
                1.0
            ]
        ],
        [
            [
                0.7791411160342029,
                -0.22979303283673896,
                0.5832621449089325,
                -0.4199488034429837
            ],
            [
                -0.6268953053477838,
                -0.28565207363714085,
                0.7248997652594181,
                -0.7915837223637857
            ],
            [
                2.598104672011734e-05,
                -0.9304217390724933,
                -0.36660295329824794,
                0.4691193455923765
            ],
            [
                0.0,
                0.0,
                0.0,
                1.0
            ]
        ],
        [
            [
                0.7061472141201546,
                -0.19008289158870584,
                0.6821214690689724,
                -0.45797581686138494
            ],
            [
                -0.7081085463058205,
                -0.189619248986306,
                0.6802239094555788,
                -0.7610793259793402
            ],
            [
                3.652332458006568e-05,
                -0.9633264352169306,
                -0.26848514546554986,
                0.46225474582715975
            ],
            [
                0.0,
                0.0,
                0.0,
                1.0
            ]
        ],
        [
            [
                0.6170121609042506,
                -0.11731975608671953,
                0.7782033757584432,
                -0.5046259695178524
            ],
            [
                -0.7869962353580529,
                -0.09207479963309896,
                0.610114960221111,
                -0.7465257413555233
            ],
            [
                6.546394707006572e-05,
                -0.9888607656425407,
                -0.14913179343686214,
                0.4682568483957005
            ],
            [
                0.0,
                0.0,
                0.0,
                1.0
            ]
        ],
        [
            [
                0.5541402217664916,
                -0.05773102758112846,
                0.8304620733951983,
                -0.5340638236116227
            ],
            [
                -0.8324690904773769,
                -0.0385481138061332,
                0.5528091498204267,
                -0.7797652742772899
            ],
            [
                8.963340923242108e-05,
                -0.9976302838586503,
                -0.06941338716399494,
                0.4930016044598032
            ],
            [
                0.0,
                0.0,
                0.0,
                1.0
            ]
        ],
        [
            [
                0.5217247621011312,
                -0.04241026617261511,
                0.8521044511895753,
                -0.542571891146477
            ],
            [
                -0.8531607515048072,
                -0.02604022575218136,
                0.5210853807385932,
                -0.827881323237112
            ],
            [
                8.067817076539196e-05,
                -0.9988053505135657,
                -0.04976222340919177,
                0.5219571039250565
            ],
            [
                0.0,
                0.0,
                0.0,
                1.0
            ]
        ],
        [
            [
                0.4830454485412333,
                -0.052916527736125825,
                0.8740399482738881,
                -0.5417975997700868
            ],
            [
                -0.8756417615932108,
                -0.029299998560036036,
                0.4821679487938066,
                -0.9043138827188854
            ],
            [
                8.503177222788489e-05,
                -0.9982128942839978,
                -0.060481747309662576,
                0.5714013257022463
            ],
            [
                0.0,
                0.0,
                0.0,
                1.0
            ]
        ],
        [
            [
                0.44907736433585577,
                -0.07775982410654937,
                0.8901489559896919,
                -0.5357637088807953
            ],
            [
                -0.8935410579269422,
                -0.03918584523601999,
                0.4473759754178574,
                -0.9590836787248103
            ],
            [
                8.410883293352311e-05,
                -0.9962456800994874,
                -0.08707096850932025,
                0.6146324828470904
            ],
            [
                0.0,
                0.0,
                0.0,
                1.0
            ]
        ],
        [
            [
                0.4126551468331952,
                -0.10646302684924985,
                0.9046897844919836,
                -0.5295868979170774
            ],
            [
                -0.9109371759972108,
                -0.04835552676349334,
                0.40982423156838205,
                -0.9953831712848751
            ],
            [
                0.00010655074208140662,
                -0.993183914743701,
                -0.11692610241004717,
                0.6534833035308633
            ],
            [
                0.0,
                0.0,
                0.0,
                1.0
            ]
        ],
        [
            [
                0.35417649924029604,
                -0.14755865506359991,
                0.9235093443762642,
                -0.5233818882951622
            ],
            [
                -0.9352279862046878,
                -0.05600025497112152,
                0.34973222902588263,
                -1.0197460715544588
            ],
            [
                0.00010115838236925255,
                -0.9875130108916123,
                -0.15782415331062266,
                0.7017855848203027
            ],
            [
                0.0,
                0.0,
                0.0,
                1.0
            ]
        ],
        [
            [
                0.2643448359480388,
                -0.1992123017802893,
                0.9436742886834124,
                -0.5187328564131007
            ],
            [
                -0.9644790936656058,
                -0.05475333015990694,
                0.25862280804467164,
                -1.0173927635824438
            ],
            [
                0.00013928794428713266,
                -0.978472004259886,
                -0.206596595485918,
                0.7591042620452361
            ],
            [
                0.0,
                0.0,
                0.0,
                1.0
            ]
        ],
        [
            [
                0.17733508284610774,
                -0.2405763550659509,
                0.9543374210932514,
                -0.5143278593875145
            ],
            [
                -0.9842020612541686,
                -0.043516335589150856,
                0.1719214738544262,
                -0.9965799542140563
            ],
            [
                0.00015886772543764784,
                -0.9697021301862471,
                -0.24447843779625789,
                0.8077234342877958
            ],
            [
                0.0,
                0.0,
                0.0,
                1.0
            ]
        ],
        [
            [
                0.09026622823045787,
                -0.2741454763781067,
                0.9574869118147713,
                -0.5066177620670507
            ],
            [
                -0.9959687005907456,
                -0.02503462915867235,
                0.08673232290284243,
                -0.9660080218020031
            ],
            [
                0.0001821587163403424,
                -0.9614107739325211,
                -0.27528525499846174,
                0.8544388982187592
            ],
            [
                0.0,
                0.0,
                0.0,
                1.0
            ]
        ],
        [
            [
                0.010314888344735136,
                -0.29811816713473,
                0.9545204566686665,
                -0.49283814652692365
            ],
            [
                -0.9999969141685833,
                -0.0033027090525430494,
                0.009780782675866974,
                -0.9328609158645469
            ],
            [
                0.00022597150459729393,
                -0.9545723115612688,
                -0.29813691818740246,
                0.8982001501409603
            ],
            [
                0.0,
                0.0,
                0.0,
                1.0
            ]
        ],
        [
            [
                -0.06135854781122296,
                -0.31462224720945975,
                0.9472795282104851,
                -0.47259337695753595
            ],
            [
                -0.9981660768459353,
                0.019128763347219427,
                -0.05829673669841034,
                -0.9002806238593035
            ],
            [
                0.0002102472739775322,
                -0.9490736007116276,
                -0.31520506436562273,
                0.9390858026842052
            ],
            [
                0.0,
                0.0,
                0.0,
                1.0
            ]
        ],
        [
            [
                -0.12623868438639593,
                -0.32604161771127355,
                0.9369386208197668,
                -0.4464567996971821
            ],
            [
                -0.9920497027472219,
                0.041267471519173635,
                -0.11930018263815231,
                -0.8691949583721942
            ],
            [
                0.0002205801324361564,
                -0.9445031939294015,
                -0.32864507740437854,
                0.9769252572184514
            ],
            [
                0.0,
                0.0,
                0.0,
                1.0
            ]
        ],
        [
            [
                -0.19577674918793886,
                -0.3355175136340913,
                0.9215175535098611,
                -0.4091522178295614
            ],
            [
                -0.9806976749812144,
                0.06679523553168877,
                -0.1840293688904729,
                -0.8363057600468954
            ],
            [
                0.00018095720737989815,
                -0.9397113988650486,
                -0.3421042451520523,
                1.0172482003221441
            ],
            [
                0.0,
                0.0,
                0.0,
                1.0
            ]
        ],
        [
            [
                -0.2523879748550193,
                -0.3419679442419979,
                0.9052393934233576,
                -0.37212908942313794
            ],
            [
                -0.9676772579533832,
                0.08908219693819938,
                -0.23614371363243003,
                -0.8123590156956676
            ],
            [
                0.00010182890199551502,
                -0.9355307555625588,
                -0.35338320505484955,
                1.048547637637909
            ],
            [
                0.0,
                0.0,
                0.0,
                1.0
            ]
        ],
        [
            [
                -0.3084487745689572,
                -0.347931575120415,
                0.8853838181198666,
                -0.33090755802480915
            ],
            [
                -0.9512926230108557,
                0.11274398121264742,
                -0.28710697304814614,
                -0.7930601577033877
            ],
            [
                5.9388464698121266e-05,
                -0.9307689996024932,
                -0.3657469035673343,
                1.0769723634090878
            ],
            [
                0.0,
                0.0,
                0.0,
                1.0
            ]
        ],
        [
            [
                -0.3660013381966038,
                -0.35381988879221504,
                0.860788105936539,
                -0.28601756183499205
            ],
            [
                -0.9306689914834667,
                0.13911545528031602,
                -0.3385362835944553,
                -0.7796621343827758
            ],
            [
                1.9708900089094958e-05,
                -0.9249644974518864,
                -0.380190304323543,
                1.1025211350792967
            ],
            [
                0.0,
                0.0,
                0.0,
                1.0
            ]
        ],
        [
            [
                -0.42591432009251995,
                -0.35892878037435644,
                0.8305868297101872,
                -0.23799564587523211
            ],
            [
                -0.9048238265753935,
                0.16900030092234636,
                -0.39095686809024854,
                -0.7730217134887586
            ],
            [
                -5.6019595360031064e-05,
                -0.9179944102420129,
                -0.39673047019354873,
                1.1252794455097361
            ],
            [
                0.0,
                0.0,
                0.0,
                1.0
            ]
        ],
        [
            [
                -0.4768293414108864,
                -0.361576951608311,
                0.8012533048439594,
                -0.19604669503923908
            ],
            [
                -0.8790600943148943,
                0.1962067463327995,
                -0.43459817093534553,
                -0.7737015271364689
            ],
            [
                -8.251714780782663e-05,
                -0.9115211682866935,
                -0.41138631005698045,
                1.1420866763703545
            ],
            [
                0.0,
                0.0,
                0.0,
                1.0
            ]
        ],
        [
            [
                -0.5279291044975077,
                -0.36187893050813885,
                0.7684124323995548,
                -0.15264937074326967
            ],
            [
                -0.8493603748517762,
                0.22506991980673752,
                -0.4775519932070598,
                -0.780408356769359
            ],
            [
                -0.00014212198857521357,
                -0.9047101082832149,
                -0.42616501800891526,
                1.1570172922483852
            ],
            [
                0.0,
                0.0,
                0.0,
                1.0
            ]
        ],
        [
            [
                -0.5783132971384803,
                -0.35918428884712805,
                0.7325794018857708,
                -0.1082534641516222
            ],
            [
                -0.8158970053027159,
                0.25481148487842314,
                -0.5191551834303969,
                -0.7934626052174207
            ],
            [
                -0.00020941076109359485,
                -0.897870234969336,
                -0.4403936230892808,
                1.169992338825124
            ],
            [
                0.0,
                0.0,
                0.0,
                1.0
            ]
        ],
        [
            [
                -0.6270673620489469,
                -0.3528216017207641,
                0.6945815979464398,
                -0.0642447265070454
            ],
            [
                -0.7790559540049456,
                0.2843038636757005,
                -0.5589201750640542,
                -0.8127448216351274
            ],
            [
                -0.000284477465671363,
                -0.891520176343974,
                -0.453117648619248,
                1.1804091840970854
            ],
            [
                0.0,
                0.0,
                0.0,
                1.0
            ]
        ],
        [
            [
                -0.6732710004152995,
                -0.34207508525486874,
                0.6556214278505865,
                -0.02220468483070419
            ],
            [
                -0.7394974944478466,
                0.31188776879448804,
                -0.5966838874938107,
                -0.8366765734866918
            ],
            [
                -0.0003810295228680224,
                -0.8864747326460587,
                -0.4629178122328609,
                1.1874551487678835
            ],
            [
                0.0,
                0.0,
                0.0,
                1.0
            ]
        ],
        [
            [
                -0.7157269451093556,
                -0.3270070391717931,
                0.6172216450801863,
                0.016052676364584663
            ],
            [
                -0.6984962213455154,
                0.3356719091601891,
                -0.632137576778456,
                -0.8645745970276848
            ],
            [
                -0.0004810999716103017,
                -0.88347209596864,
                -0.4686284826210255,
                1.1902782328306571
            ],
            [
                0.0,
                0.0,
                0.0,
                1.0
            ]
        ],
        [
            [
                -0.7536212781185534,
                -0.3081510491262386,
                0.5807518644520141,
                0.049016905811748494
            ],
            [
                -0.6574377315921286,
                0.3539800748778804,
                -0.6653213838857533,
                -0.8952408700543938
            ],
            [
                -0.0005659821762557618,
                -0.8831071427327798,
                -0.46931961616747037,
                1.1880836495057
            ],
            [
                0.0,
                0.0,
                0.0,
                1.0
            ]
        ],
        [
            [
                -0.7869016270904324,
                -0.2864887077181367,
                0.5467073109908113,
                0.07503318159658337
            ],
            [
                -0.6172194187300233,
                0.3661312530852243,
                -0.6965446050783142,
                -0.9277207049090049
            ],
            [
                -0.0006246454483279699,
                -0.885447067069389,
                -0.464897465725712,
                1.1800182799861183
            ],
            [
                0.0,
                0.0,
                0.0,
                1.0
            ]
        ],
        [
            [
                -0.815587457686182,
                -0.2629589654112002,
                0.5156116029946947,
                0.09241347610592231
            ],
            [
                -0.5787902509011242,
                0.3716622473876808,
                -0.7259903146210704,
                -0.9609556053201976
            ],
            [
                -0.0007368588881868103,
                -0.8904309906358772,
                -0.45528199862971,
                1.165380449135949
            ],
            [
                0.0,
                0.0,
                0.0,
                1.0
            ]
        ],
        [
            [
                -0.8397912683221805,
                -0.23881440103666768,
                0.4877568367919823,
                0.09995204235804658
            ],
            [
                -0.5430805760429848,
                0.3703488913831834,
                -0.75372761835556,
                -0.9938724654413931
            ],
            [
                -0.0006478192424263947,
                -0.8977512991368337,
                -0.44067361476361055,
                1.1433925076833413
            ],
            [
                0.0,
                0.0,
                0.0,
                1.0
            ]
        ],
        [
            [
                -0.8602539948357304,
                -0.21496421918530856,
                0.46253953743076776,
                0.09866161938012233
            ],
            [
                -0.510048699423244,
                0.3639223187023501,
                -0.7794961041429356,
                -1.0265759407737904
            ],
            [
                -0.0007731499669466506,
                -0.906367407861521,
                -0.42267199992591925,
                1.1154881753730619
            ],
            [
                0.0,
                0.0,
                0.0,
                1.0
            ]
        ],
        [
            [
                -0.8784310764250737,
                -0.19269549372282518,
                0.43751691696270134,
                0.09308482894540511
            ],
            [
                -0.47806908770123047,
                0.35546670066154346,
                -0.8033044605309501,
                -1.0590557840791663
            ],
            [
                -0.000738014764019219,
                -0.9146945526736383,
                -0.40434079917209664,
                1.0845785640434051
            ],
            [
                0.0,
                0.0,
                0.0,
                1.0
            ]
        ],
        [
            [
                -0.895474711932868,
                -0.17257967407794722,
                0.4105375369948024,
                0.0872243692016416
            ],
            [
                -0.4453348735826749,
                0.3483779384651935,
                -0.8249346817982416,
                -1.0917380364373392
            ],
            [
                -0.0006631803117397481,
                -0.9214141788225266,
                -0.38878687308348225,
                1.0537146383144713
            ],
            [
                0.0,
                0.0,
                0.0,
                1.0
            ]
        ],
        [
            [
                -0.9121339672573447,
                -0.15494484388625468,
                0.3797431662696815,
                0.0848194995595834
            ],
            [
                -0.41013518967534,
                0.3459945778160838,
                -0.8439718061721461,
                -1.1255466907270806
            ],
            [
                -0.000627343058544431,
                -0.9254378199048025,
                -0.379110240345729,
                1.026230263976803
            ],
            [
                0.0,
                0.0,
                0.0,
                1.0
            ]
        ],
        [
            [
                -0.928810516866554,
                -0.13932877095968121,
                0.3436612193611477,
                0.09015526140881217
            ],
            [
                -0.37082936048631715,
                0.35058012009706585,
                -0.8601124962744514,
                -1.1602100028281273
            ],
            [
                -0.0006500666495340579,
                -0.9261969873415671,
                -0.37725937278886373,
                1.004872651759214
            ],
            [
                0.0,
                0.0,
                0.0,
                1.0
            ]
        ],
        [
            [
                -0.945380529431908,
                -0.12507552592142668,
                0.3013573263435675,
                0.10655412984946788
            ],
            [
                -0.3262799813879604,
                0.36413724806314,
                -0.8724451952027062,
                -1.1965793044376638
            ],
            [
                -0.0006201805713046682,
                -0.9229958155268259,
                -0.38502768698758827,
                0.9926537512209127
            ],
            [
                0.0,
                0.0,
                0.0,
                1.0
            ]
        ],
        [
            [
                -0.9581361588222587,
                -0.11334990465659055,
                0.2633162939653661,
                0.12761042834437672
            ],
            [
                -0.28667291181489885,
                0.3809454333802031,
                -0.8791551176612554,
                -1.2258523483242059
            ],
            [
                -0.0006620067024031244,
                -0.9177117881531395,
                -0.3974598947574478,
                0.9891831320450952
            ],
            [
                0.0,
                0.0,
                0.0,
                1.0
            ]
        ],
        [
            [
                -0.9698504184424099,
                -0.10062719011384363,
                0.22243184499686705,
                0.15427520303265033
            ],
            [
                -0.2441317339744405,
                0.40204332738606524,
                -0.8825984231930872,
                -1.254189462499231
            ],
            [
                -0.0006179994842017757,
                -0.9101654736846986,
                -0.41445253297565704,
                0.9903507870793129
            ],
            [
                0.0,
                0.0,
                0.0,
                1.0
            ]
        ],
        [
            [
                -0.9800175996524241,
                -0.08621640177266864,
                0.17983949651955466,
                0.18505315651010695
            ],
            [
                -0.199434981466228,
                0.42653042780022876,
                -0.8823380978845398,
                -1.2804739952440838
            ],
            [
                -0.0006383623426450981,
                -0.9004479785412044,
                -0.4351649727393231,
                0.9952417625729808
            ],
            [
                0.0,
                0.0,
                0.0,
                1.0
            ]
        ],
        [
            [
                -0.9883160774731768,
                -0.06964438756265727,
                0.13635580900138436,
                0.21850806199814837
            ],
            [
                -0.1531081598022769,
                0.45333876291050984,
                -0.8782183196528084,
                -1.3038506018518965
            ],
            [
                -0.000654895687624457,
                -0.8887096508671593,
                -0.45866437065298804,
                1.0028853918380907
            ],
            [
                0.0,
                0.0,
                0.0,
                1.0
            ]
        ],
        [
            [
                -0.9944953168623616,
                -0.05057022650862603,
                0.09290380161427528,
                0.2530666755170195
            ],
            [
                -0.10577106286368002,
                0.4813599263057837,
                -0.8702479716129385,
                -1.323023786057864
            ],
            [
                -0.0007131076324687209,
                -0.8751600484856612,
                -0.48401565819545367,
                1.0121410933813795
            ],
            [
                0.0,
                0.0,
                0.0,
                1.0
            ]
        ],
        [
            [
                -0.9984125124182434,
                -0.029200376660898114,
                0.0503001363361024,
                0.2872820141609041
            ],
            [
                -0.05815639187320772,
                0.5099591256898419,
                -0.8583642596881682,
                -1.3373902006723895
            ],
            [
                -0.0005869319050577952,
                -0.8598031760982275,
                -0.5108001272365371,
                1.022398570784144
            ],
            [
                0.0,
                0.0,
                0.0,
                1.0
            ]
        ],
        [
            [
                -1.0000448987228743,
                -0.005346636684525269,
                0.00950344567345771,
                0.3196656840198162
            ],
            [
                -0.010884680709759577,
                0.5376069530709402,
                -0.8432640279806978,
                -1.3455887663657569
            ],
            [
                -0.0005998270197606005,
                -0.8432842222623116,
                -0.5376392353194877,
                1.032279989893612
            ],
            [
                0.0,
                0.0,
                0.0,
                1.0
            ]
        ],
        [
            [
                -0.9990534590011947,
                0.026630833238560577,
                -0.03735012479416372,
                0.35504091399788695
            ],
            [
                0.045871352622902185,
                0.5690621719134663,
                -0.8211595813844955,
                -1.3457685228638112
            ],
            [
                -0.0006117719121993679,
                -0.8219739773525755,
                -0.5696878360044768,
                1.0427617340796538
            ],
            [
                0.0,
                0.0,
                0.0,
                1.0
            ]
        ],
        [
            [
                -0.9942751934978995,
                0.06563303594164438,
                -0.08558112098074892,
                0.38750405538949406
            ],
            [
                0.10785269108766218,
                0.6002662770640775,
                -0.7926466803770774,
