{
    "trj_id": [
        0,
        14,
        130,
        152,
        167,
        183,
        199,
        249,
        276,
        297,
        314,
        332,
        358,
        379,
        401
    ],
    "trj_est": [
        [
            [
                -0.9995811382330839,
                -0.028932423934900094,
                -0.0007359978325548776,
                0.23522841316118207
            ],
            [
                0.015217966878999102,
                -0.5037929765929842,
                -0.8636901080326913,
                1.3456050556411023
            ],
            [
                0.024617857411280218,
                -0.8633392123746119,
                0.5040224023216143,
                -0.6174579161435642
            ],
            [
                0.0,
                0.0,
                0.0,
                1.0
            ]
        ],
        [
            [
                -0.9961707917487894,
                -0.08327326274723017,
                0.026383760708985057,
                0.23518856016801115
            ],
            [
                0.022162572162754687,
                -0.5330727674858038,
                -0.8457927679089087,
                1.362242072864763
            ],
            [
                0.08449386821558931,
                -0.8419753182902545,
                0.5328809621773548,
                -0.6039878447582893
            ],
            [
                0.0,
                0.0,
                0.0,
                1.0
            ]
        ],
        [
            [
                -0.9972677106767186,
                -0.06562953291743898,
                0.03410442487582939,
                0.2523396829418297
            ],
            [
                0.009386613995007273,
                -0.5697116879244021,
                -0.8218337361125785,
                1.2979523502040093
            ],
            [
                0.07336021131814323,
                -0.8192746065221053,
                0.5687608199163957,
                -0.5596298869368617
            ],
            [
                0.0,
                0.0,
                0.0,
                1.0
            ]
        ],
        [
            [
                -0.9977533083629478,
                -0.05892045988151139,
                0.032226790732250724,
                0.2561511455291021
            ],
            [
                0.007135421565843553,
                -0.5701883328337105,
                -0.8215322965439048,
                1.2684494138827451
            ],
            [
                0.06677410613959454,
                -0.8194593530688624,
                0.5693182846541005,
                -0.5629275960091411
            ],
            [
                0.0,
                0.0,
                0.0,
                1.0
            ]
        ],
        [
            [
                -0.9981383015141909,
                -0.052941920589921324,
                0.03064995267723456,
                0.2575707708374434
            ],
            [
                0.005049511366180743,
                -0.5706516070398872,
                -0.821230739640232,
                1.2487697246354972
            ],
            [
                0.060960917727637724,
                -0.819550332667186,
                0.5698471833461091,
                -0.5645129534197075
            ],
            [
                0.0,
                0.0,
                0.0,
                1.0
            ]
        ],
        [
            [
                -0.9986695593253828,
                -0.04387679307273774,
                0.027609724518621863,
                0.256436088679162
            ],
            [
                0.002401637597796888,
                -0.571195263120344,
                -0.820868546587533,
                1.2265563867704496
            ],
            [
                0.0517801707959088,
                -0.8197106099146106,
                0.570530078452634,
                -0.565040348382761
            ],
            [
                0.0,
                0.0,
                0.0,
                1.0
            ]
        ],
        [
            [
                -0.9991485577338468,
                -0.032733345804195915,
                0.025747755434831623,
                0.2468042682232673
            ],
            [
                -0.002422142208058455,
                -0.5715504894729818,
                -0.8206264886288088,
                1.2024534609686621
            ],
            [
                0.04157107444991477,
                -0.8199904393961732,
                0.5709693466871831,
                -0.5602104466310394
            ],
            [
                0.0,
                0.0,
                0.0,
                1.0
            ]
        ],
        [
            [
                -0.9995686450013941,
                0.0016135479532781642,
                0.029850207608059703,
                0.2014888229394304
            ],
            [
                -0.02548522895900356,
                -0.5681021046186718,
                -0.8226410887652583,
                1.1890465962187442
            ],
            [
                0.015624887996940454,
                -0.8230465817605583,
                0.5678833464614358,
                -0.5417205538562041
            ],
            [
                0.0,
                0.0,
                0.0,
                1.0
            ]
        ],
        [
            [
                -0.9975546155294561,
                0.0276360652862198,
                0.0645007175192752,
                0.17442199704890687
            ],
            [
                -0.06907647723141051,
                -0.5488750221089113,
                -0.833129074309089,
                1.1933514838078685
            ],
            [
                0.012371679021423995,
                -0.8355460578746172,
                0.5494231896535171,
                -0.5329944096916033
            ],
            [
                0.0,
                0.0,
                0.0,
                1.0
            ]
        ],
        [
            [
                -0.990561544823286,
                0.04229893808652009,
                0.1305557048776249,
                0.15161011220201404
            ],
            [
                -0.13372872270598754,
                -0.5115050350041096,
                -0.8489026921703137,
                1.1999612950519738
            ],
            [
                0.030863075444377462,
                -0.8583465257901309,
                0.5123102533181583,
                -0.5272240433162563
            ],
            [
                0.0,
                0.0,
                0.0,
                1.0
            ]
        ],
        [
            [
                -0.978879617366197,
                0.046241312618836405,
                0.19926530597983408,
                0.1291900581124353
            ],
            [
                -0.19738579865729144,
                -0.46949608559673517,
                -0.8606837585468488,
                1.2072138081807575
            ],
            [
                0.05374382598470994,
                -0.8818299958593289,
                0.4686836016863174,
                -0.5212396604604539
            ],
            [
                0.0,
                0.0,
                0.0,
                1.0
            ]
        ],
        [
            [
                -0.9695850165244805,
                0.04894487884874371,
                0.23993210991536,
                0.10607994802330159
            ],
            [
                -0.2366788866260056,
                -0.43893153001800195,
                -0.8668892651077661,
                1.2135387731212888
            ],
            [
                0.06287232950088231,
                -0.8972961659463035,
                0.4371404314565049,
                -0.5135929547200269
            ],
            [
                0.0,
                0.0,
                0.0,
                1.0
            ]
        ],
        [
            [
                -0.9655743809836658,
                0.05741964726361348,
                0.253853123459905,
                0.07331226256761239
            ],
            [
                -0.25429397032425655,
                -0.41620067186668025,
                -0.8730960208395917,
                1.2199607775971761
            ],
            [
                0.05550656907400757,
                -0.9075739279011843,
                0.41644588330747556,
                -0.4937174882414436
            ],
            [
                0.0,
                0.0,
                0.0,
                1.0
            ]
        ],
        [
            [
                -0.968480343951015,
                0.07061530671253494,
                0.23904346328341022,
                0.10443662331100229
            ],
            [
                -0.24689619663034695,
                -0.40395214843373634,
                -0.8809440167224147,
                1.2151952171523916
            ],
            [
                0.03433996866826574,
                -0.9121690965384258,
                0.40862426110928024,
                -0.4705717846627951
            ],
            [
                0.0,
                0.0,
                0.0,
                1.0
            ]
        ],
        [
            [
                -0.9754201722103909,
                0.08702411968959287,
                0.20265454366200136,
                0.14039296961101552
            ],
            [
                -0.22052677544926735,
                -0.40249950892541503,
                -0.8885775879533905,
                1.207811840225344
            ],
            [
                0.004229424263349788,
                -0.9113975500271699,
                0.4117671746977654,
                -0.45950361414201013
            ],
            [
                0.0,
                0.0,
                0.0,
                1.0
            ]
        ]
    ],
    "trj_gt": [
        [
            [
                -0.9995811382330839,
                -0.028932423934900094,
                -0.0007359978325548776,
                0.23522841316118207
            ],
            [
                0.015217966878999102,
                -0.5037929765929842,
                -0.8636901080326913,
                1.3456050556411023
            ],
            [
                0.024617857411280218,
                -0.8633392123746119,
                0.5040224023216143,
                -0.6174579161435642
            ],
            [
                0.0,
                0.0,
                0.0,
                1.0
            ]
        ],
        [
            [
                -0.996184720472207,
                -0.08310934191638648,
                0.02662544946904213,
                0.23549114887516392
            ],
            [
                0.02205622296788981,
                -0.5349547564494971,
                -0.8445924824487882,
                1.3640275417504233
            ],
            [
                0.08443697683421271,
                -0.8407825461325107,
                0.5347469967002595,
                -0.6022281109706764
            ],
            [
                0.0,
                0.0,
                0.0,
                1.0
            ]
        ],
        [
            [
                -0.9979753635722914,
                -0.057198186950339985,
                0.027813977508736237,
                0.2535137827293283
            ],
            [
                0.009308939014956701,
                -0.5639600025985447,
                -0.8257493374670059,
                1.29329691225212
            ],
            [
                0.06291736396233501,
                -0.8238182608569846,
                0.563350815013458,
                -0.5587286107795885
            ],
            [
                0.0,
                0.0,
                0.0,
                1.0
            ]
        ],
        [
            [
                -0.9983504768140513,
                -0.05123934738842022,
                0.025902342155572158,
                0.257109250879117
            ],
            [
                0.007691661096978151,
                -0.566443544139534,
                -0.8240643525188819,
                1.2632725447475404
            ],
            [
                0.05689675847994956,
                -0.8225054921546939,
                0.5659034705909427,
                -0.5617091953120541
            ],
            [
                0.0,
                0.0,
                0.0,
                1.0
            ]
        ],
        [
            [
                -0.9987428965039269,
                -0.04402842139354859,
                0.023962506428667704,
                0.25855076742800925
            ],
            [
                0.005142722360290881,
                -0.5655142409965306,
                -0.8247221980986142,
                1.2431529753689474
            ],
            [
                0.04986237479774206,
                -0.8235618892241754,
                0.5650299290280363,
                -0.5630041226374509
            ],
            [
                0.0,
                0.0,
                0.0,
                1.0
            ]
        ],
        [
            [
                -0.999126308253375,
                -0.03548408532133017,
                0.02208114500416203,
                0.25707570742462216
            ],
            [
                0.0018179452012512174,
                -0.5647388351358303,
                -0.8252673824190261,
                1.2204992811379944
            ],
            [
                0.04175395265154563,
                -0.8245058955648026,
                0.56431010712102,
                -0.5632353506491371
            ],
            [
                0.0,
                0.0,
                0.0,
                1.0
            ]
        ],
        [
            [
                -0.9994273970275841,
                -0.025297879054660417,
                0.02247158926403533,
                0.2462304222821239
            ],
            [
                -0.004253255460090299,
                -0.5649206241665296,
                -0.8251339939661305,
                1.1977611696613242
            ],
            [
                0.03356881319705236,
                -0.8247567821784899,
                0.5644897218956538,
                -0.5577759179663682
            ],
            [
                0.0,
                0.0,
                0.0,
                1.0
            ]
        ],
        [
            [
                -0.9995350240480433,
                0.009923495067089819,
                0.02883286616487079,
                0.19988916996694456
            ],
            [
                -0.029447528976845744,
                -0.5595921956853616,
                -0.8282444894097872,
                1.188439645249429
            ],
            [
                0.007915558681153059,
                -0.8287081167796487,
                0.5596243901398702,
                -0.5397583571099134
            ],
            [
                0.0,
                0.0,
                0.0,
                1.0
            ]
        ],
        [
            [
                -0.9974390470494321,
                0.03260158093956276,
                0.06365966029877719,
                0.17106672907733084
            ],
            [
                -0.07118102044963798,
                -0.5393229827594064,
                -0.8390849301521587,
                1.1927087317658223
            ],
            [
                0.006977612748539193,
                -0.8414671123879536,
                0.5402625788360451,
                -0.5312850541967336
            ],
            [
                0.0,
                0.0,
                0.0,
                1.0
            ]
        ],
        [
            [
                -0.9888053291943337,
                0.048799366557486436,
                0.14100601950376432,
                0.14875040512489024
            ],
            [
                -0.14643959376347374,
                -0.49868806769294677,
                -0.8543215059451278,
                1.2001477736456463
            ],
            [
                0.028627673081721008,
                -0.8654061919162853,
                0.5002517300237307,
                -0.5254396627778156
            ],
            [
                0.0,
                0.0,
                0.0,
                1.0
            ]
        ],
        [
            [
                -0.9769720409029505,
                0.049405648241043376,
                0.2075686765842289,
                0.12626710718263323
            ],
            [
                -0.20696676789659124,
                -0.4559267865901748,
                -0.8656183580962437,
                1.20709124039286
            ],
            [
                0.05186969839088832,
                -0.8886444121436998,
                0.4556531894722312,
                -0.5198644925573547
            ],
            [
                0.0,
                0.0,
                0.0,
                1.0
            ]
        ],
        [
            [
                -0.9690741966331656,
                0.05401707151725778,
                0.24078494885742913,
                0.10316646257304289
            ],
            [
                -0.24027781822034552,
                -0.42888606556236447,
                -0.8708174071995028,
                1.2138466910897057
            ],
            [
                0.05623031941803663,
                -0.901741616425635,
                0.42860165441869486,
                -0.5123882516860171
            ],
            [
                0.0,
                0.0,
                0.0,
                1.0
            ]
        ],
        [
            [
                -0.966658358177181,
                0.06321453566751258,
                0.24814425591863942,
                0.0718000871939844
            ],
            [
                -0.2518187466292268,
                -0.41051146279310485,
                -0.8763944973017228,
                1.220957004563873
            ],
            [
                0.046465199268724555,
                -0.9096610937258935,
                0.4127430675398772,
                -0.4911155359822484
            ],
            [
                0.0,
                0.0,
                0.0,
                1.0
            ]
        ],
        [
            [
                -0.9700066485769921,
                0.07633173846762759,
                0.23078257998225482,
                0.11005156459957711
            ],
            [
                -0.2418026766178641,
                -0.4001509130126871,
                -0.8839741922367559,
                1.2142700137241298
            ],
            [
                0.024872567773937176,
                -0.9132643410099873,
                0.406606387904189,
                -0.46925687953736694
            ],
            [
                0.0,
                0.0,
                0.0,
                1.0
            ]
        ],
        [
            [
                -0.9768219740536284,
                0.09393985104406292,
                0.19233868788839542,
                0.14556849355655663
            ],
            [
                -0.2139503030888363,
                -0.4005823007467849,
                -0.890931389714635,
                1.2068323478051626
            ],
            [
                -0.006646513745334734,
                -0.9114319331453195,
                0.41139617695221953,
                -0.4586164574215871
            ],
            [
                0.0,
                0.0,
                0.0,
                1.0
            ]
        ]
    ]
}