{
    "trj_id": [
        0,
        14,
        130,
        152,
        167,
        183,
        199,
        249,
        276,
        297,
        314,
        332,
        358,
        379,
        401,
        425,
        451,
        472,
        498,
        520,
        540,
        557,
        571,
        585,
        601,
        629,
        642,
        656,
        670,
        685,
        698,
        710,
        724,
        734,
        742,
        746,
        758,
        763,
        768,
        775,
        783,
        796,
        818,
        850,
        862,
        870,
        889,
        916,
        938,
        958,
        979,
        997,
        1013,
        1027,
        1042,
        1057,
        1075,
        1092,
        1110,
        1124,
        1140,
        1160,
        1183,
        1201,
        1216,
        1232,
        1248,
        1264,
        1279,
        1294,
        1305,
        1319,
        1334,
        1356,
        1370,
        1383,
        1395,
        1407,
        1419,
        1431
    ],
    "trj_est": [
        [
            [
                -0.9995811382330839,
                -0.028932423934900094,
                -0.0007359978325548776,
                0.23522841316118207
            ],
            [
                0.015217966878999102,
                -0.5037929765929842,
                -0.8636901080326913,
                1.3456050556411023
            ],
            [
                0.024617857411280218,
                -0.8633392123746119,
                0.5040224023216143,
                -0.6174579161435642
            ],
            [
                0.0,
                0.0,
                0.0,
                1.0
            ]
        ],
        [
            [
                -0.9961707917487894,
                -0.08327326274723017,
                0.026383760708985057,
                0.23518856016801115
            ],
            [
                0.022162572162754687,
                -0.5330727674858038,
                -0.8457927679089087,
                1.362242072864763
            ],
            [
                0.08449386821558931,
                -0.8419753182902545,
                0.5328809621773548,
                -0.6039878447582893
            ],
            [
                0.0,
                0.0,
                0.0,
                1.0
            ]
        ],
        [
            [
                -0.9972677106767186,
                -0.06562953291743898,
                0.03410442487582939,
                0.2523396829418297
            ],
            [
                0.009386613995007273,
                -0.5697116879244021,
                -0.8218337361125785,
                1.2979523502040093
            ],
            [
                0.07336021131814323,
                -0.8192746065221053,
                0.5687608199163957,
                -0.5596298869368617
            ],
            [
                0.0,
                0.0,
                0.0,
                1.0
            ]
        ],
        [
            [
                -0.9977533083629478,
                -0.05892045988151139,
                0.032226790732250724,
                0.2561511455291021
            ],
            [
                0.007135421565843553,
                -0.5701883328337105,
                -0.8215322965439048,
                1.2684494138827451
            ],
            [
                0.06677410613959454,
                -0.8194593530688624,
                0.5693182846541005,
                -0.5629275960091411
            ],
            [
                0.0,
                0.0,
                0.0,
                1.0
            ]
        ],
        [
            [
                -0.9981383015141909,
                -0.052941920589921324,
                0.03064995267723456,
                0.2575707708374434
            ],
            [
                0.005049511366180743,
                -0.5706516070398872,
                -0.821230739640232,
                1.2487697246354972
            ],
            [
                0.060960917727637724,
                -0.819550332667186,
                0.5698471833461091,
                -0.5645129534197075
            ],
            [
                0.0,
                0.0,
                0.0,
                1.0
            ]
        ],
        [
            [
                -0.9986695593253828,
                -0.04387679307273774,
                0.027609724518621863,
                0.256436088679162
            ],
            [
                0.002401637597796888,
                -0.571195263120344,
                -0.820868546587533,
                1.2265563867704496
            ],
            [
                0.0517801707959088,
                -0.8197106099146106,
                0.570530078452634,
                -0.565040348382761
            ],
            [
                0.0,
                0.0,
                0.0,
                1.0
            ]
        ],
        [
            [
                -0.9991485577338468,
                -0.032733345804195915,
                0.025747755434831623,
                0.2468042682232673
            ],
            [
                -0.002422142208058455,
                -0.5715504894729818,
                -0.8206264886288088,
                1.2024534609686621
            ],
            [
                0.04157107444991477,
                -0.8199904393961732,
                0.5709693466871831,
                -0.5602104466310394
            ],
            [
                0.0,
                0.0,
                0.0,
                1.0
            ]
        ],
        [
            [
                -0.9995686450013941,
                0.0016135479532781642,
                0.029850207608059703,
                0.2014888229394304
            ],
            [
                -0.02548522895900356,
                -0.5681021046186718,
                -0.8226410887652583,
                1.1890465962187442
            ],
            [
                0.015624887996940454,
                -0.8230465817605583,
                0.5678833464614358,
                -0.5417205538562041
            ],
            [
                0.0,
                0.0,
                0.0,
                1.0
            ]
        ],
        [
            [
                -0.9975546155294561,
                0.0276360652862198,
                0.0645007175192752,
                0.17442199704890687
            ],
            [
                -0.06907647723141051,
                -0.5488750221089113,
                -0.833129074309089,
                1.1933514838078685
            ],
            [
                0.012371679021423995,
                -0.8355460578746172,
                0.5494231896535171,
                -0.5329944096916033
            ],
            [
                0.0,
                0.0,
                0.0,
                1.0
            ]
        ],
        [
            [
                -0.990561544823286,
                0.04229893808652009,
                0.1305557048776249,
                0.15161011220201404
            ],
            [
                -0.13372872270598754,
                -0.5115050350041096,
                -0.8489026921703137,
                1.1999612950519738
            ],
            [
                0.030863075444377462,
                -0.8583465257901309,
                0.5123102533181583,
                -0.5272240433162563
            ],
            [
                0.0,
                0.0,
                0.0,
                1.0
            ]
        ],
        [
            [
                -0.978879617366197,
                0.046241312618836405,
                0.19926530597983408,
                0.1291900581124353
            ],
            [
                -0.19738579865729144,
                -0.46949608559673517,
                -0.8606837585468488,
                1.2072138081807575
            ],
            [
                0.05374382598470994,
                -0.8818299958593289,
                0.4686836016863174,
                -0.5212396604604539
            ],
            [
                0.0,
                0.0,
                0.0,
                1.0
            ]
        ],
        [
            [
                -0.9695985438838414,
                0.04888519058103131,
                0.2398890914087963,
                0.1060673752457456
            ],
            [
                -0.23661683717131343,
                -0.4388972627480527,
                -0.8669234824072087,
                1.2134795729032721
            ],
            [
                0.06289528761147828,
                -0.8973160383008177,
                0.43709596007904955,
                -0.5135965615007829
            ],
            [
                0.0,
                0.0,
                0.0,
                1.0
            ]
        ],
        [
            [
                -0.9656516340857831,
                0.05749327480365833,
                0.2535430066115945,
                0.07340022092310124
            ],
            [
                -0.2540457250527466,
                -0.41618083032405057,
                -0.8731777721052847,
                1.2199306963508143
            ],
            [
                0.05530367299456246,
                -0.9075779986606506,
                0.41646326631485087,
                -0.49373442518354455
            ],
            [
                0.0,
                0.0,
                0.0,
                1.0
            ]
        ],
        [
            [
                -0.9685115737046308,
                0.07062621918623649,
                0.23890466791112613,
                0.10451284686261507
            ],
            [
                -0.24677582286360097,
                -0.40392536196472756,
                -0.8809898027868884,
                1.2152047144167364
            ],
            [
                0.03426498372912108,
                -0.9121790927216288,
                0.40860632760408194,
                -0.4706141265918602
            ],
            [
                0.0,
                0.0,
                0.0,
                1.0
            ]
        ],
        [
            [
                -0.9754094672290431,
                0.08706965384081894,
                0.20268420897058545,
                0.14037484396983482
            ],
            [
                -0.22057365231063455,
                -0.4023205394204941,
                -0.888645757813431,
                1.2078503342799167
            ],
            [
                0.004158821721130052,
                -0.9114721937005913,
                0.4116026126229653,
                -0.4595138094806709
            ],
            [
                0.0,
                0.0,
                0.0,
                1.0
            ]
        ],
        [
            [
                -0.983192860913923,
                0.10580463184054802,
                0.14907884702755483,
                0.1753619777893449
            ],
            [
                -0.17965096175722822,
                -0.407882757908717,
                -0.8953076049029934,
                1.2001643751531685
            ],
            [
                -0.03392922998452037,
                -0.9070106266031616,
                0.42000498979262024,
                -0.45015423995348686
            ],
            [
                0.0,
                0.0,
                0.0,
                1.0
            ]
        ],
        [
            [
                -0.9884306700254359,
                0.12141434725979267,
                0.09140974043595154,
                0.20831598141001592
            ],
            [
                -0.13436470538497533,
                -0.41692931164851915,
                -0.8990782434143341,
                1.193600178173897
            ],
            [
                -0.07105584486537107,
                -0.900929580897984,
                0.428387015294362,
                -0.4424287411469457
            ],
            [
                0.0,
                0.0,
                0.0,
                1.0
            ]
        ],
        [
            [
                -0.9907278831275612,
                0.13155495308320928,
                0.03538082283076995,
                0.24185991599135062
            ],
            [
                -0.08876241576560381,
                -0.4262845884669803,
                -0.9003536195811758,
                1.187719847731762
            ],
            [
                -0.10336449542433243,
                -0.8951152677966263,
                0.43397328869425383,
                -0.43605461430224224
            ],
            [
                0.0,
                0.0,
                0.0,
                1.0
            ]
        ],
        [
            [
                -0.9909683539958326,
                0.1339343804235074,
                -0.012446070326105679,
                0.27683253525264917
            ],
            [
                -0.04721824802977176,
                -0.43299947410851003,
                -0.900293919716351,
                1.1832209274592171
            ],
            [
                -0.12596710786453785,
                -0.8915395801844405,
                0.43537323114129656,
                -0.43148130513719274
            ],
            [
                0.0,
                0.0,
                0.0,
                1.0
            ]
        ],
        [
            [
                -0.9906010554928847,
                0.12864883474243788,
                -0.04775166239584459,
                0.31182459373561805
            ],
            [
                -0.013196148269520046,
                -0.43570214374081423,
                -0.9001378054759035,
                1.1813088346024554
            ],
            [
                -0.13660315064930184,
                -0.8910072165676918,
                0.4332620351394444,
                -0.4297308326865616
            ],
            [
                0.0,
                0.0,
                0.0,
                1.0
            ]
        ],
        [
            [
                -0.9905076219843778,
                0.11758913609527405,
                -0.07205716282132037,
                0.3461772808149934
            ],
            [
                0.013871641987466694,
                -0.4349499830555013,
                -0.9004972325981628,
                1.184711109888416
            ],
            [
                -0.13722630024945132,
                -0.8929050949186513,
                0.4291493593825905,
                -0.43286594711445525
            ],
            [
                0.0,
                0.0,
                0.0,
                1.0
            ]
        ],
        [
            [
                -0.9909679641280599,
                0.10015751619573002,
                -0.08990075182016084,
                0.37306967897508697
            ],
            [
                0.03819448539047094,
                -0.43130761614740065,
                -0.9015487667169997,
                1.2039023100011876
            ],
            [
                -0.12906928826071207,
                -0.8967915753695188,
                0.423545952870798,
                -0.4503673193647494
            ],
            [
                0.0,
                0.0,
                0.0,
                1.0
            ]
        ],
        [
            [
                -0.9919100743647867,
                0.07582306774373607,
                -0.10248231148631222,
                0.37723889722008663
            ],
            [
                0.060800451250152265,
                -0.425307070278346,
                -0.9031593734023377,
                1.234909637813802
            ],
            [
                -0.1120646538220792,
                -0.9020329545433945,
                0.41721499035425186,
                -0.48013340068948307
            ],
            [
                0.0,
                0.0,
                0.0,
                1.0
            ]
        ],
        [
            [
                -0.9926653506510421,
                0.04862574674116175,
                -0.11131735778151981,
                0.37234710904101814
            ],
            [
                0.0808730624166296,
                -0.4193588585177311,
                -0.9043678959683091,
                1.2645025895720479
            ],
            [
                -0.09065658749834954,
                -0.906685529879135,
                0.41230839540313535,
                -0.5101410485031652
            ],
            [
                0.0,
                0.0,
                0.0,
                1.0
            ]
        ],
        [
            [
                -0.9920988081804797,
                0.023278674806361407,
                -0.1238609832767951,
                0.36588073624035217
            ],
            [
                0.10346164003025377,
                -0.41093035125352234,
                -0.9059374792651709,
                1.2958589623650634
            ],
            [
                -0.07198682083373067,
                -0.9115390269092184,
                0.4052319814039102,
                -0.5419558614774778
            ],
            [
                0.0,
                0.0,
                0.0,
                1.0
            ]
        ],
        [
            [
                -0.9859911975534942,
                0.0031225775444457676,
                -0.16721348747461517,
                0.3820512792343371
            ],
            [
                0.15304355052994703,
                -0.386538728934969,
                -0.909652875330173,
                1.2707066262075541
            ],
            [
                -0.06747395109122792,
                -0.9224415378029676,
                0.3806030081236918,
                -0.5085569998201508
            ],
            [
                0.0,
                0.0,
                0.0,
                1.0
            ]
        ],
        [
            [
                -0.9822223514636362,
                0.008208707401755317,
                -0.18794696342918196,
                0.38824032270120384
            ],
            [
                0.17123037795471954,
                -0.37501828262101544,
                -0.9112363593365319,
                1.2439868145437982
            ],
            [
                -0.07796118304246864,
                -0.9271563525418908,
                0.366902334985272,
                -0.4793811062636057
            ],
            [
                0.0,
                0.0,
                0.0,
                1.0
            ]
        ],
        [
            [
                -0.9778636783346748,
                0.019559818743600695,
                -0.20870845975206875,
                0.39401919584206024
            ],
            [
                0.18752848589739027,
                -0.3635188188605788,
                -0.9126886944164846,
                1.2174394989641582
            ],
            [
                -0.09371690241095738,
                -0.9315581825826507,
                0.35175991838622717,
                -0.4515465648975773
            ],
            [
                0.0,
                0.0,
                0.0,
                1.0
            ]
        ],
        [
            [
                -0.9728920887818068,
                0.03196275289828919,
                -0.2294000350410819,
                0.3989286886826527
            ],
            [
                0.20378853787663978,
                -0.3527925744143967,
                -0.9134175351597162,
                1.1925081037625702
            ],
            [
                -0.11011931743808458,
                -0.9353333245380233,
                0.3366704891837963,
                -0.42694104576552677
            ],
            [
                0.0,
                0.0,
                0.0,
                1.0
            ]
        ],
        [
            [
                -0.9662110649727239,
                0.045801914953076964,
                -0.25399181393875175,
                0.40315388351177445
            ],
            [
                0.2241254319179295,
                -0.33929655930069125,
                -0.9137689721382325,
                1.1663133422137788
            ],
            [
                -0.12802222834427324,
                -0.93974433837204,
                0.3175224006028344,
                -0.4037932259082274
            ],
            [
                0.0,
                0.0,
                0.0,
                1.0
            ]
        ],
        [
            [
                -0.958110900732522,
                0.05581254165478346,
                -0.28122408794909437,
                0.4062097334103253
            ],
            [
                0.24916465424314388,
                -0.3233787962781969,
                -0.9130584353818273,
                1.1417858039522737
            ],
            [
                -0.14189111029743387,
                -0.9448027980705418,
                0.29588356037849245,
                -0.3851080124298037
            ],
            [
                0.0,
                0.0,
                0.0,
                1.0
            ]
        ],
        [
            [
                -0.9489355474167025,
                0.05181104848263924,
                -0.3114816040729019,
                0.4080497546138763
            ],
            [
                0.2821833040393056,
                -0.30374522700548096,
                -0.9101913302829747,
                1.1174054027011429
            ],
            [
                -0.1417575847422827,
                -0.9515253520897524,
                0.2735733762835685,
                -0.3701599962782354
            ],
            [
                0.0,
                0.0,
                0.0,
                1.0
            ]
        ],
        [
            [
                -0.9354981229551648,
                0.013750756180607858,
                -0.3533304659785824,
                0.4066628078155324
            ],
            [
                0.33762476221240584,
                -0.2625206601188474,
                -0.9041204156409357,
                1.0927927126511001
            ],
            [
                -0.10517974614616842,
                -0.9650118417695247,
                0.24090622650294877,
                -0.35862761332218507
            ],
            [
                0.0,
                0.0,
                0.0,
                1.0
            ]
        ],
        [
            [
                -0.9187469856360162,
                -0.06340694837651775,
                -0.38996775072788603,
                0.4046078865877961
            ],
            [
                0.3945098526548002,
                -0.20217046310247533,
                -0.8965670454580661,
                1.0735928807412367
            ],
            [
                -0.021988623019070848,
                -0.9774757662134174,
                0.21072184444324177,
                -0.35225294741824664
            ],
            [
                0.0,
                0.0,
                0.0,
                1.0
            ]
        ],
        [
            [
                -0.8965828846718672,
                -0.13067076695680463,
                -0.42338978431019414,
                0.40358460040484684
            ],
            [
                0.44087593723211993,
                -0.16675327667865525,
                -0.8821389597373004,
                1.055142478883976
            ],
            [
                0.044664976164717554,
                -0.9774819526904275,
                0.20708181086038951,
                -0.34554863687319787
            ],
            [
                0.0,
                0.0,
                0.0,
                1.0
            ]
        ],
        [
            [
                -0.8815978810626052,
                -0.16002435809763021,
                -0.44426972198709436,
                0.40394815102045767
            ],
            [
                0.4677609799526473,
                -0.16650420373568098,
                -0.868231036814777,
                1.0406775310598924
            ],
            [
                0.06496096362839274,
                -0.9731494816673917,
                0.221605255253886,
                -0.3394563914867495
            ],
            [
                0.0,
                0.0,
                0.0,
                1.0
            ]
        ],
        [
            [
                -0.8624580974901899,
                -0.19769484230298195,
                -0.46613988355709474,
                0.4182082987890428
            ],
            [
                0.4996743387400219,
                -0.1830544445099108,
                -0.8468599499526692,
                1.0515988409158499
            ],
            [
                0.08208533902254612,
                -0.9632036877171932,
                0.25661884136370616,
                -0.34512075776683454
            ],
            [
                0.0,
                0.0,
                0.0,
                1.0
            ]
        ],
        [
            [
                -0.855493546635017,
                -0.2106264893052077,
                -0.4732573405681718,
                0.4235441394108828
            ],
            [
                0.5115627596621717,
                -0.1992680580129935,
                -0.8360368683567674,
                1.06646303316574
            ],
            [
                0.08178076562313419,
                -0.9572266211026976,
                0.27817769794392055,
                -0.3537429535230344
            ],
            [
                0.0,
                0.0,
                0.0,
                1.0
            ]
        ],
        [
            [
                -0.8469190305941865,
                -0.22452298604628,
                -0.4822058903713758,
                0.4305976806640352
            ],
            [
                0.526200758378707,
                -0.22051922257198264,
                -0.8214918164742966,
                1.082161715125788
            ],
            [
                0.07810344444179164,
                -0.9493762100847917,
                0.3048598389251597,
                -0.3635886808994115
            ],
            [
                0.0,
                0.0,
                0.0,
                1.0
            ]
        ],
        [
            [
                -0.8322268870309492,
                -0.24536822941462275,
                -0.49739598033303806,
                0.4484999033008577
            ],
            [
                0.550531472567336,
                -0.2559647904098787,
                -0.7948376453101179,
                1.0906565306835
            ],
            [
                0.06770925551917646,
                -0.9352206435424043,
                0.34805044992284107,
                -0.37616342678748826
            ],
            [
                0.0,
                0.0,
                0.0,
                1.0
            ]
        ],
        [
            [
                -0.812555979050381,
                -0.2625324743642963,
                -0.5206189204785938,
                0.4653767787622995
            ],
            [
                0.5816312443862098,
                -0.30110006597222055,
                -0.7559233560208048,
                1.079974433056174
            ],
            [
                0.041696544494805685,
                -0.9169397325528552,
                0.3972973788101306,
                -0.37546428107753543
            ],
            [
                0.0,
                0.0,
                0.0,
                1.0
            ]
        ],
        [
            [
                -0.7932084952434475,
                -0.22576465243547605,
                -0.565752108200138,
                0.47950200821798905
            ],
            [
                0.6046330842858941,
                -0.4052320769362772,
                -0.6859931091137577,
                1.066492192763842
            ],
            [
                -0.07437346040825141,
                -0.8861092917135623,
                0.457869416767803,
                -0.3704699611894764
            ],
            [
                0.0,
                0.0,
                0.0,
                1.0
            ]
        ],
        [
            [
                -0.7602314198074124,
                -0.04880398908282398,
                -0.6480026205355708,
                0.490767742781458
            ],
            [
                0.5503098576636348,
                -0.5789255783397274,
                -0.6019984901363163,
                1.0529339234400628
            ],
            [
                -0.3457143802511085,
                -0.814164826065063,
                0.46689705868525505,
                -0.3609996425065144
            ],
            [
                0.0,
                0.0,
                0.0,
                1.0
            ]
        ],
        [
            [
                -0.6523464268048108,
                0.21824747395274433,
                -0.7259902196944393,
                0.5021405511272914
            ],
            [
                0.3652227718374843,
                -0.7489256343591016,
                -0.5532996908617346,
                1.0361667521000697
            ],
            [
                -0.6643786455562527,
                -0.6260149017225792,
                0.4087773984915285,
                -0.3521655648001571
            ],
            [
                0.0,
                0.0,
                0.0,
                1.0
            ]
        ],
        [
            [
                -0.6012516737572008,
                0.31538257617900334,
                -0.7343578832115893,
                0.5151526324945038
            ],
            [
                0.24945635166295532,
                -0.7990900594037064,
                -0.5474060637368025,
                1.0172310721686897
            ],
            [
                -0.7593564582541774,
                -0.5122600661758655,
                0.40170632112811633,
                -0.3489442872231547
            ],
            [
                0.0,
                0.0,
                0.0,
                1.0
            ]
        ],
        [
            [
                -0.6110329924181419,
                0.3328913042837668,
                -0.7183829816369652,
                0.5249435219318201
            ],
            [
                0.20612247675302878,
                -0.8093558088683064,
                -0.5503504883012352,
                1.0013627718772133
            ],
            [
                -0.7645313361591879,
                -0.4842990630280193,
                0.4258498318954756,
                -0.3528791304362215
            ],
            [
                0.0,
                0.0,
                0.0,
                1.0
            ]
        ],
        [
            [
                -0.6337873236044183,
                0.3358806433309309,
                -0.6969635446499508,
                0.5264985719772433
            ],
            [
                0.1818295463345297,
                -0.8111553537271788,
                -0.5562414611757118,
                0.9888563823065162
            ],
            [
                -0.7520765844634786,
                -0.4792071128999632,
                0.4529443942576464,
                -0.3649887497727737
            ],
            [
                0.0,
                0.0,
                0.0,
                1.0
            ]
        ],
        [
            [
                -0.6647600625419832,
                0.3350878480572295,
                -0.6678947617716168,
                0.5194325354999633
            ],
            [
                0.16350494750552294,
                -0.8071373134511811,
                -0.5676700837003393,
                0.9843281876991256
            ],
            [
                -0.7292014409849513,
                -0.4864996513341228,
                0.4816729146157003,
                -0.37913314501167894
            ],
            [
                0.0,
                0.0,
                0.0,
                1.0
            ]
        ],
        [
            [
                -0.7031796835151387,
                0.3300148212031511,
                -0.6300106149903788,
                0.5105515505031955
            ],
            [
                0.1496809521188804,
                -0.7975299666841513,
                -0.5848132174575056,
                0.9840181891694523
            ],
            [
                -0.6953513187208238,
                -0.5054562138617198,
                0.511312918313247,
                -0.392222120460465
            ],
            [
                0.0,
                0.0,
                0.0,
                1.0
            ]
        ],
        [
            [
                -0.746303416010038,
                0.3197100466509433,
                -0.5840456304956452,
                0.5012406335880754
            ],
            [
                0.13849786438842926,
                -0.7836639849430381,
                -0.6059399096666797,
                0.9850670549116131
            ],
            [
                -0.651326409663234,
                -0.5330292015966429,
                0.5404752510569906,
                -0.4049262872843389
            ],
            [
                0.0,
                0.0,
                0.0,
                1.0
            ]
        ],
        [
            [
                -0.7894515398235601,
                0.3047998650794998,
                -0.5330788127103991,
                0.4916173020942483
            ],
            [
                0.1280128421231371,
                -0.7675733270483391,
                -0.6284347160493639,
                0.9867922899407531
            ],
            [
                -0.6006334306478701,
                -0.5642789421017683,
                0.5668413691845239,
                -0.4174513130629944
            ],
            [
                0.0,
                0.0,
                0.0,
                1.0
            ]
        ],
        [
            [
                -0.8280854556215534,
                0.28652164623765114,
                -0.4821813730579367,
                0.4823059494226546
            ],
            [
                0.11754614399371696,
                -0.7521591997153362,
                -0.6487979643949248,
                0.9889248352679523
            ],
            [
                -0.5484856513845171,
                -0.5938530280892993,
                0.5890662777091633,
                -0.4293063594741793
            ],
            [
                0.0,
                0.0,
                0.0,
                1.0
            ]
        ],
        [
            [
                -0.8612261327262827,
                0.26616093325736256,
                -0.4333281952094778,
                0.4728492495183098
            ],
            [
                0.10721792130452137,
                -0.7381417616957975,
                -0.6664522574286983,
                0.9912160765388586
            ],
            [
                -0.49716530479004706,
                -0.6203366444338251,
                0.6070617611427673,
                -0.44050166269102925
            ],
            [
                0.0,
                0.0,
                0.0,
                1.0
            ]
        ],
        [
            [
                -0.8883503197680739,
                0.24567331219992655,
                -0.38834349103087745,
                0.46337708112037196
            ],
            [
                0.09671679152576376,
                -0.7264328488605454,
                -0.6807694945591104,
                0.9935865745109209
            ],
            [
                -0.44928318391803,
                -0.6422264401404547,
                0.6214579778401453,
                -0.45092999796243066
            ],
            [
                0.0,
                0.0,
                0.0,
                1.0
            ]
        ],
        [
            [
                -0.9113656360338045,
                0.22379116454341882,
                -0.34593544242037366,
                0.4533864183693533
            ],
            [
                0.08665889508114367,
                -0.7169565521843678,
                -0.6920771637878282,
                0.9959847753538048
            ],
            [
                -0.40284042580709783,
                -0.6606170310967131,
                0.6339038733298695,
                -0.46100484158480737
            ],
            [
                0.0,
                0.0,
                0.0,
                1.0
            ]
        ],
        [
            [
                -0.9326846439117498,
                0.19932616244439266,
                -0.3011943323792717,
                0.4414723425290697
            ],
            [
                0.07471500446267672,
                -0.709642462975902,
                -0.7009550634662789,
                0.9985891310835635
            ],
            [
                -0.3534056081472516,
                -0.676171441396214,
                0.6468661370438514,
                -0.47213505513432485
            ],
            [
                0.0,
                0.0,
                0.0,
                1.0
            ]
        ],
        [
            [
                -0.9548785156467721,
                0.16621228033556548,
                -0.24686010563281074,
                0.4233799952406535
            ],
            [
                0.059947521413919694,
                -0.7053133646438273,
                -0.7067216985719476,
                1.0015011223981185
            ],
            [
                -0.29153395163500073,
                -0.6895264875611097,
                0.6634065380676718,
                -0.4862182999898805
            ],
            [
                0.0,
                0.0,
                0.0,
                1.0
            ]
        ],
        [
            [
                -0.9710823610485052,
                0.13366311596356142,
                -0.1987479700831874,
                0.4035321834136958
            ],
            [
                0.046998504546374324,
                -0.7075809130600232,
                -0.7054357472746908,
                1.0024868790264871
            ],
            [
                -0.2348857165368023,
                -0.6942690662119789,
                0.6807138049853172,
                -0.4988268562073218
            ],
            [
                0.0,
                0.0,
                0.0,
                1.0
            ]
        ],
        [
            [
                -0.9823523798476328,
                0.10315401492925202,
                -0.15722591766003277,
                0.3830280046764151
            ],
            [
                0.0372291898631198,
                -0.7131420863955569,
                -0.7004056246190646,
                1.001972402010601
            ],
            [
                -0.1843471138766861,
                -0.6937875908901687,
                0.6965869427334647,
                -0.5085752569454817
            ],
            [
                0.0,
                0.0,
                0.0,
                1.0
            ]
        ],
        [
            [
