{
    "trj_id": [
        0,
        14,
        130,
        152,
        167,
        183,
        199,
        249,
        276,
        297
    ],
    "trj_est": [
        [
            [
                -0.9995811382330839,
                -0.028932423934900094,
                -0.0007359978325548776,
                0.23522841316118207
            ],
            [
                0.015217966878999102,
                -0.5037929765929842,
                -0.8636901080326913,
                1.3456050556411023
            ],
            [
                0.024617857411280218,
                -0.8633392123746119,
                0.5040224023216143,
                -0.6174579161435642
            ],
            [
                0.0,
                0.0,
                0.0,
                1.0
            ]
        ],
        [
            [
                -0.9961707917487894,
                -0.08327326274723017,
                0.026383760708985057,
                0.23518856016801115
            ],
            [
                0.022162572162754687,
                -0.5330727674858038,
                -0.8457927679089087,
                1.362242072864763
            ],
            [
                0.08449386821558931,
                -0.8419753182902545,
                0.5328809621773548,
                -0.6039878447582893
            ],
            [
                0.0,
                0.0,
                0.0,
                1.0
            ]
        ],
        [
            [
                -0.9972677106767186,
                -0.06562953291743898,
                0.03410442487582939,
                0.2523396829418297
            ],
            [
                0.009386613995007273,
                -0.5697116879244021,
                -0.8218337361125785,
                1.2979523502040093
            ],
            [
                0.07336021131814323,
                -0.8192746065221053,
                0.5687608199163957,
                -0.5596298869368617
            ],
            [
                0.0,
                0.0,
                0.0,
                1.0
            ]
        ],
        [
            [
                -0.9977533083629478,
                -0.05892045988151139,
                0.032226790732250724,
                0.2561511455291021
            ],
            [
                0.007135421565843553,
                -0.5701883328337105,
                -0.8215322965439048,
                1.2684494138827451
            ],
            [
                0.06677410613959454,
                -0.8194593530688624,
                0.5693182846541005,
                -0.5629275960091411
            ],
            [
                0.0,
                0.0,
                0.0,
                1.0
            ]
        ],
        [
            [
                -0.9981383015141909,
                -0.052941920589921324,
                0.03064995267723456,
                0.2575707708374434
            ],
            [
                0.005049511366180743,
                -0.5706516070398872,
                -0.821230739640232,
                1.2487697246354972
            ],
            [
                0.060960917727637724,
                -0.819550332667186,
                0.5698471833461091,
                -0.5645129534197075
            ],
            [
                0.0,
                0.0,
                0.0,
                1.0
            ]
        ],
        [
            [
                -0.9986695593253828,
                -0.04387679307273774,
                0.027609724518621863,
                0.256436088679162
            ],
            [
                0.002401637597796888,
                -0.571195263120344,
                -0.820868546587533,
                1.2265563867704496
            ],
            [
                0.0517801707959088,
                -0.8197106099146106,
                0.570530078452634,
                -0.565040348382761
            ],
            [
                0.0,
                0.0,
                0.0,
                1.0
            ]
        ],
        [
            [
                -0.999154498758194,
                -0.03266083701692379,
                0.025607338225603547,
                0.24675311868842445
            ],
            [
                -0.0023427306391629443,
                -0.5716606344644956,
                -0.8205499304476737,
                1.20239165871778
            ],
            [
                0.041431661474433716,
                -0.8199166372436691,
                0.5710857157675465,
                -0.5601248887551361
            ],
            [
                0.0,
                0.0,
                0.0,
                1.0
            ]
        ],
        [
            [
                -0.9995725210132046,
                0.0015430310703515085,
                0.02974207035756443,
                0.20152747756523498
            ],
            [
                -0.025355783697748047,
                -0.5681175331620025,
                -0.822634482002695,
                1.1889770792229062
            ],
            [
                0.01562166158848993,
                -0.8230360144773204,
                0.5678988628070446,
                -0.5416963098011984
            ],
            [
                0.0,
                0.0,
                0.0,
                1.0
            ]
        ],
        [
            [
                -0.9975868125088458,
                0.02737661034681376,
                0.06411570649647616,
                0.1744359135451233
            ],
            [
                -0.06861637421782611,
                -0.5485938455673028,
                -0.8333518198219891,
                1.1931562587154823
            ],
            [
                0.012351926164023579,
                -0.8357393921403126,
                0.5491290410229747,
                -0.5330832138922804
            ],
            [
                0.0,
                0.0,
                0.0,
                1.0
            ]
        ],
        [
            [
                -0.9904772912803076,
                0.04322649857664792,
                0.13088896673564174,
                0.1514250022276427
            ],
            [
                -0.13449509643949373,
                -0.5113180309484208,
                -0.8488945490233473,
                1.2000350002408942
            ],
            [
                0.0302215707948676,
                -0.858411373113224,
                0.5122383568102447,
                -0.5273006495034689
            ],
            [
                0.0,
                0.0,
                0.0,
                1.0
            ]
        ]
    ],
    "trj_gt": [
        [
            [
                -0.9995811382330839,
                -0.028932423934900094,
                -0.0007359978325548776,
                0.23522841316118207
            ],
            [
                0.015217966878999102,
                -0.5037929765929842,
                -0.8636901080326913,
                1.3456050556411023
            ],
            [
                0.024617857411280218,
                -0.8633392123746119,
                0.5040224023216143,
                -0.6174579161435642
            ],
            [
                0.0,
                0.0,
                0.0,
                1.0
            ]
        ],
        [
            [
                -0.996184720472207,
                -0.08310934191638648,
                0.02662544946904213,
                0.23549114887516392
            ],
            [
                0.02205622296788981,
                -0.5349547564494971,
                -0.8445924824487882,
                1.3640275417504233
            ],
            [
                0.08443697683421271,
                -0.8407825461325107,
                0.5347469967002595,
                -0.6022281109706764
            ],
            [
                0.0,
                0.0,
                0.0,
                1.0
            ]
        ],
        [
            [
                -0.9979753635722914,
                -0.057198186950339985,
                0.027813977508736237,
                0.2535137827293283
            ],
            [
                0.009308939014956701,
                -0.5639600025985447,
                -0.8257493374670059,
                1.29329691225212
            ],
            [
                0.06291736396233501,
                -0.8238182608569846,
                0.563350815013458,
                -0.5587286107795885
            ],
            [
                0.0,
                0.0,
                0.0,
                1.0
            ]
        ],
        [
            [
                -0.9983504768140513,
                -0.05123934738842022,
                0.025902342155572158,
                0.257109250879117
            ],
            [
                0.007691661096978151,
                -0.566443544139534,
                -0.8240643525188819,
                1.2632725447475404
            ],
            [
                0.05689675847994956,
                -0.8225054921546939,
                0.5659034705909427,
                -0.5617091953120541
            ],
            [
                0.0,
                0.0,
                0.0,
                1.0
            ]
        ],
        [
            [
                -0.9987428965039269,
                -0.04402842139354859,
                0.023962506428667704,
                0.25855076742800925
            ],
            [
                0.005142722360290881,
                -0.5655142409965306,
                -0.8247221980986142,
                1.2431529753689474
            ],
            [
                0.04986237479774206,
                -0.8235618892241754,
                0.5650299290280363,
                -0.5630041226374509
            ],
            [
                0.0,
                0.0,
                0.0,
                1.0
            ]
        ],
        [
            [
                -0.999126308253375,
                -0.03548408532133017,
                0.02208114500416203,
                0.25707570742462216
            ],
            [
                0.0018179452012512174,
                -0.5647388351358303,
                -0.8252673824190261,
                1.2204992811379944
            ],
            [
                0.04175395265154563,
                -0.8245058955648026,
                0.56431010712102,
                -0.5632353506491371
            ],
            [
                0.0,
                0.0,
                0.0,
                1.0
            ]
        ],
        [
            [
                -0.9994273970275841,
                -0.025297879054660417,
                0.02247158926403533,
                0.2462304222821239
            ],
            [
                -0.004253255460090299,
                -0.5649206241665296,
                -0.8251339939661305,
                1.1977611696613242
            ],
            [
                0.03356881319705236,
                -0.8247567821784899,
                0.5644897218956538,
                -0.5577759179663682
            ],
            [
                0.0,
                0.0,
                0.0,
                1.0
            ]
        ],
        [
            [
                -0.9995350240480433,
                0.009923495067089819,
                0.02883286616487079,
                0.19988916996694456
            ],
            [
                -0.029447528976845744,
                -0.5595921956853616,
                -0.8282444894097872,
                1.188439645249429
            ],
            [
                0.007915558681153059,
                -0.8287081167796487,
                0.5596243901398702,
                -0.5397583571099134
            ],
            [
                0.0,
                0.0,
                0.0,
                1.0
            ]
        ],
        [
            [
                -0.9974390470494321,
                0.03260158093956276,
                0.06365966029877719,
                0.17106672907733084
            ],
            [
                -0.07118102044963798,
                -0.5393229827594064,
                -0.8390849301521587,
                1.1927087317658223
            ],
            [
                0.006977612748539193,
                -0.8414671123879536,
                0.5402625788360451,
                -0.5312850541967336
            ],
            [
                0.0,
                0.0,
                0.0,
                1.0
            ]
        ],
        [
            [
                -0.9888053291943337,
                0.048799366557486436,
                0.14100601950376432,
                0.14875040512489024
            ],
            [
                -0.14643959376347374,
                -0.49868806769294677,
                -0.8543215059451278,
                1.2001477736456463
            ],
            [
                0.028627673081721008,
                -0.8654061919162853,
                0.5002517300237307,
                -0.5254396627778156
            ],
            [
                0.0,
                0.0,
                0.0,
                1.0
            ]
        ]
    ]
}