{
    "trj_id": [
        0,
        14,
        130,
        152,
        167,
        183,
        199,
        249,
        276,
        297,
        314,
        332,
        358,
        379,
        401,
        425,
        451,
        472,
        498,
        520,
        540,
        557,
        571,
        585,
        601
    ],
    "trj_est": [
        [
            [
                -0.9995811382330839,
                -0.028932423934900094,
                -0.0007359978325548776,
                0.23522841316118207
            ],
            [
                0.015217966878999102,
                -0.5037929765929842,
                -0.8636901080326913,
                1.3456050556411023
            ],
            [
                0.024617857411280218,
                -0.8633392123746119,
                0.5040224023216143,
                -0.6174579161435642
            ],
            [
                0.0,
                0.0,
                0.0,
                1.0
            ]
        ],
        [
            [
                -0.9961707917487894,
                -0.08327326274723017,
                0.026383760708985057,
                0.23518856016801115
            ],
            [
                0.022162572162754687,
                -0.5330727674858038,
                -0.8457927679089087,
                1.362242072864763
            ],
            [
                0.08449386821558931,
                -0.8419753182902545,
                0.5328809621773548,
                -0.6039878447582893
            ],
            [
                0.0,
                0.0,
                0.0,
                1.0
            ]
        ],
        [
            [
                -0.9972677106767186,
                -0.06562953291743898,
                0.03410442487582939,
                0.2523396829418297
            ],
            [
                0.009386613995007273,
                -0.5697116879244021,
                -0.8218337361125785,
                1.2979523502040093
            ],
            [
                0.07336021131814323,
                -0.8192746065221053,
                0.5687608199163957,
                -0.5596298869368617
            ],
            [
                0.0,
                0.0,
                0.0,
                1.0
            ]
        ],
        [
            [
                -0.9977533083629478,
                -0.05892045988151139,
                0.032226790732250724,
                0.2561511455291021
            ],
            [
                0.007135421565843553,
                -0.5701883328337105,
                -0.8215322965439048,
                1.2684494138827451
            ],
            [
                0.06677410613959454,
                -0.8194593530688624,
                0.5693182846541005,
                -0.5629275960091411
            ],
            [
                0.0,
                0.0,
                0.0,
                1.0
            ]
        ],
        [
            [
                -0.9981383015141909,
                -0.052941920589921324,
                0.03064995267723456,
                0.2575707708374434
            ],
            [
                0.005049511366180743,
                -0.5706516070398872,
                -0.821230739640232,
                1.2487697246354972
            ],
            [
                0.060960917727637724,
                -0.819550332667186,
                0.5698471833461091,
                -0.5645129534197075
            ],
            [
                0.0,
                0.0,
                0.0,
                1.0
            ]
        ],
        [
            [
                -0.9986695593253828,
                -0.04387679307273774,
                0.027609724518621863,
                0.256436088679162
            ],
            [
                0.002401637597796888,
                -0.571195263120344,
                -0.820868546587533,
                1.2265563867704496
            ],
            [
                0.0517801707959088,
                -0.8197106099146106,
                0.570530078452634,
                -0.565040348382761
            ],
            [
                0.0,
                0.0,
                0.0,
                1.0
            ]
        ],
        [
            [
                -0.9991485577338468,
                -0.032733345804195915,
                0.025747755434831623,
                0.2468042682232673
            ],
            [
                -0.002422142208058455,
                -0.5715504894729818,
                -0.8206264886288088,
                1.2024534609686621
            ],
            [
                0.04157107444991477,
                -0.8199904393961732,
                0.5709693466871831,
                -0.5602104466310394
            ],
            [
                0.0,
                0.0,
                0.0,
                1.0
            ]
        ],
        [
            [
                -0.9995686450013941,
                0.0016135479532781642,
                0.029850207608059703,
                0.2014888229394304
            ],
            [
                -0.02548522895900356,
                -0.5681021046186718,
                -0.8226410887652583,
                1.1890465962187442
            ],
            [
                0.015624887996940454,
                -0.8230465817605583,
                0.5678833464614358,
                -0.5417205538562041
            ],
            [
                0.0,
                0.0,
                0.0,
                1.0
            ]
        ],
        [
            [
                -0.9975546155294561,
                0.0276360652862198,
                0.0645007175192752,
                0.17442199704890687
            ],
            [
                -0.06907647723141051,
                -0.5488750221089113,
                -0.833129074309089,
                1.1933514838078685
            ],
            [
                0.012371679021423995,
                -0.8355460578746172,
                0.5494231896535171,
                -0.5329944096916033
            ],
            [
                0.0,
                0.0,
                0.0,
                1.0
            ]
        ],
        [
            [
                -0.990561544823286,
                0.04229893808652009,
                0.1305557048776249,
                0.15161011220201404
            ],
            [
                -0.13372872270598754,
                -0.5115050350041096,
                -0.8489026921703137,
                1.1999612950519738
            ],
            [
                0.030863075444377462,
                -0.8583465257901309,
                0.5123102533181583,
                -0.5272240433162563
            ],
            [
                0.0,
                0.0,
                0.0,
                1.0
            ]
        ],
        [
            [
                -0.978879617366197,
                0.046241312618836405,
                0.19926530597983408,
                0.1291900581124353
            ],
            [
                -0.19738579865729144,
                -0.46949608559673517,
                -0.8606837585468488,
                1.2072138081807575
            ],
            [
                0.05374382598470994,
                -0.8818299958593289,
                0.4686836016863174,
                -0.5212396604604539
            ],
            [
                0.0,
                0.0,
                0.0,
                1.0
            ]
        ],
        [
            [
                -0.9695985438838414,
                0.04888519058103131,
                0.2398890914087963,
                0.1060673752457456
            ],
            [
                -0.23661683717131343,
                -0.4388972627480527,
                -0.8669234824072087,
                1.2134795729032721
            ],
            [
                0.06289528761147828,
                -0.8973160383008177,
                0.43709596007904955,
                -0.5135965615007829
            ],
            [
                0.0,
                0.0,
                0.0,
                1.0
            ]
        ],
        [
            [
                -0.9656516340857831,
                0.05749327480365833,
                0.2535430066115945,
                0.07340022092310124
            ],
            [
                -0.2540457250527466,
                -0.41618083032405057,
                -0.8731777721052847,
                1.2199306963508143
            ],
            [
                0.05530367299456246,
                -0.9075779986606506,
                0.41646326631485087,
                -0.49373442518354455
            ],
            [
                0.0,
                0.0,
                0.0,
                1.0
            ]
        ],
        [
            [
                -0.9685115737046308,
                0.07062621918623649,
                0.23890466791112613,
                0.10451284686261507
            ],
            [
                -0.24677582286360097,
                -0.40392536196472756,
                -0.8809898027868884,
                1.2152047144167364
            ],
            [
                0.03426498372912108,
                -0.9121790927216288,
                0.40860632760408194,
                -0.4706141265918602
            ],
            [
                0.0,
                0.0,
                0.0,
                1.0
            ]
        ],
        [
            [
                -0.9754094672290431,
                0.08706965384081894,
                0.20268420897058545,
                0.14037484396983482
            ],
            [
                -0.22057365231063455,
                -0.4023205394204941,
                -0.888645757813431,
                1.2078503342799167
            ],
            [
                0.004158821721130052,
                -0.9114721937005913,
                0.4116026126229653,
                -0.4595138094806709
            ],
            [
                0.0,
                0.0,
                0.0,
                1.0
            ]
        ],
        [
            [
                -0.983192860913923,
                0.10580463184054802,
                0.14907884702755483,
                0.1753619777893449
            ],
            [
                -0.17965096175722822,
                -0.407882757908717,
                -0.8953076049029934,
                1.2001643751531685
            ],
            [
                -0.03392922998452037,
                -0.9070106266031616,
                0.42000498979262024,
                -0.45015423995348686
            ],
            [
                0.0,
                0.0,
                0.0,
                1.0
            ]
        ],
        [
            [
                -0.9884306700254359,
                0.12141434725979267,
                0.09140974043595154,
                0.20831598141001592
            ],
            [
                -0.13436470538497533,
                -0.41692931164851915,
                -0.8990782434143341,
                1.193600178173897
            ],
            [
                -0.07105584486537107,
                -0.900929580897984,
                0.428387015294362,
                -0.4424287411469457
            ],
            [
                0.0,
                0.0,
                0.0,
                1.0
            ]
        ],
        [
            [
                -0.9907278831275612,
                0.13155495308320928,
                0.03538082283076995,
                0.24185991599135062
            ],
            [
                -0.08876241576560381,
                -0.4262845884669803,
                -0.9003536195811758,
                1.187719847731762
            ],
            [
                -0.10336449542433243,
                -0.8951152677966263,
                0.43397328869425383,
                -0.43605461430224224
            ],
            [
                0.0,
                0.0,
                0.0,
                1.0
            ]
        ],
        [
            [
                -0.9909683539958326,
                0.1339343804235074,
                -0.012446070326105679,
                0.27683253525264917
            ],
            [
                -0.04721824802977176,
                -0.43299947410851003,
                -0.900293919716351,
                1.1832209274592171
            ],
            [
                -0.12596710786453785,
                -0.8915395801844405,
                0.43537323114129656,
                -0.43148130513719274
            ],
            [
                0.0,
                0.0,
                0.0,
                1.0
            ]
        ],
        [
            [
                -0.9906010554928847,
                0.12864883474243788,
                -0.04775166239584459,
                0.31182459373561805
            ],
            [
                -0.013196148269520046,
                -0.43570214374081423,
                -0.9001378054759035,
                1.1813088346024554
            ],
            [
                -0.13660315064930184,
                -0.8910072165676918,
                0.4332620351394444,
                -0.4297308326865616
            ],
            [
                0.0,
                0.0,
                0.0,
                1.0
            ]
        ],
        [
            [
                -0.9905076219843778,
                0.11758913609527405,
                -0.07205716282132037,
                0.3461772808149934
            ],
            [
                0.013871641987466694,
                -0.4349499830555013,
                -0.9004972325981628,
                1.184711109888416
            ],
            [
                -0.13722630024945132,
                -0.8929050949186513,
                0.4291493593825905,
                -0.43286594711445525
            ],
            [
                0.0,
                0.0,
                0.0,
                1.0
            ]
        ],
        [
            [
                -0.9909691662211587,
                0.10013621469529346,
                -0.08991259985068395,
                0.3730590829139642
            ],
            [
                0.03821017595739822,
                -0.4313370215426901,
                -0.9015339728655175,
                1.2039322970091366
            ],
            [
                -0.1290563917511799,
                -0.8967799180722359,
                0.42357480308367373,
                -0.45035871222982776
            ],
            [
                0.0,
                0.0,
                0.0,
                1.0
            ]
        ],
        [
            [
                -0.9919423072780277,
                0.0757986976498444,
                -0.10219077043150615,
                0.37712887905511217
            ],
            [
                0.06054597716825339,
                -0.4253003210316135,
                -0.9031799787272827,
                1.2348787512485413
            ],
            [
                -0.11191958822580184,
                -0.902038136569519,
                0.41724267607554505,
                -0.48005463366789547
            ],
            [
                0.0,
                0.0,
                0.0,
                1.0
            ]
        ],
        [
            [
                -0.9926732720845566,
                0.048539876858355924,
                -0.11128816400355616,
                0.3722976060375164
            ],
            [
                0.08089536047794928,
                -0.41922265092283173,
                -0.9044293687502196,
                1.2645376881235555
            ],
            [
                -0.09055420821344971,
                -0.9067537039940117,
                0.41218230147488977,
                -0.5100336891614377
            ],
            [
                0.0,
                0.0,
                0.0,
                1.0
            ]
        ],
        [
            [
                -0.9920309844687337,
                0.02288361818681145,
                -0.12448138308891978,
                0.3661706882881143
            ],
            [
                0.10425891223443859,
                -0.4100321539226891,
                -0.9062530765343116,
                1.295866932960853
            ],
            [
                -0.07177910990031237,
                -0.911954150082872,
                0.4043355143314235,
                -0.5412688276254704
            ],
            [
                0.0,
                0.0,
                0.0,
                1.0
            ]
        ]
    ],
    "trj_gt": [
        [
            [
                -0.9995811382330839,
                -0.028932423934900094,
                -0.0007359978325548776,
                0.23522841316118207
            ],
            [
                0.015217966878999102,
                -0.5037929765929842,
                -0.8636901080326913,
                1.3456050556411023
            ],
            [
                0.024617857411280218,
                -0.8633392123746119,
                0.5040224023216143,
                -0.6174579161435642
            ],
            [
                0.0,
                0.0,
                0.0,
                1.0
            ]
        ],
        [
            [
                -0.996184720472207,
                -0.08310934191638648,
                0.02662544946904213,
                0.23549114887516392
            ],
            [
                0.02205622296788981,
                -0.5349547564494971,
                -0.8445924824487882,
                1.3640275417504233
            ],
            [
                0.08443697683421271,
                -0.8407825461325107,
                0.5347469967002595,
                -0.6022281109706764
            ],
            [
                0.0,
                0.0,
                0.0,
                1.0
            ]
        ],
        [
            [
                -0.9979753635722914,
                -0.057198186950339985,
                0.027813977508736237,
                0.2535137827293283
            ],
            [
                0.009308939014956701,
                -0.5639600025985447,
                -0.8257493374670059,
                1.29329691225212
            ],
            [
                0.06291736396233501,
                -0.8238182608569846,
                0.563350815013458,
                -0.5587286107795885
            ],
            [
                0.0,
                0.0,
                0.0,
                1.0
            ]
        ],
        [
            [
                -0.9983504768140513,
                -0.05123934738842022,
                0.025902342155572158,
                0.257109250879117
            ],
            [
                0.007691661096978151,
                -0.566443544139534,
                -0.8240643525188819,
                1.2632725447475404
            ],
            [
                0.05689675847994956,
                -0.8225054921546939,
                0.5659034705909427,
                -0.5617091953120541
            ],
            [
                0.0,
                0.0,
                0.0,
                1.0
            ]
        ],
        [
            [
                -0.9987428965039269,
                -0.04402842139354859,
                0.023962506428667704,
                0.25855076742800925
            ],
            [
                0.005142722360290881,
                -0.5655142409965306,
                -0.8247221980986142,
                1.2431529753689474
            ],
            [
                0.04986237479774206,
                -0.8235618892241754,
                0.5650299290280363,
                -0.5630041226374509
            ],
            [
                0.0,
                0.0,
                0.0,
                1.0
            ]
        ],
        [
            [
                -0.999126308253375,
                -0.03548408532133017,
                0.02208114500416203,
                0.25707570742462216
            ],
            [
                0.0018179452012512174,
                -0.5647388351358303,
                -0.8252673824190261,
                1.2204992811379944
            ],
            [
                0.04175395265154563,
                -0.8245058955648026,
                0.56431010712102,
                -0.5632353506491371
            ],
            [
                0.0,
                0.0,
                0.0,
                1.0
            ]
        ],
        [
            [
                -0.9994273970275841,
                -0.025297879054660417,
                0.02247158926403533,
                0.2462304222821239
            ],
            [
                -0.004253255460090299,
                -0.5649206241665296,
                -0.8251339939661305,
                1.1977611696613242
            ],
            [
                0.03356881319705236,
                -0.8247567821784899,
                0.5644897218956538,
                -0.5577759179663682
            ],
            [
                0.0,
                0.0,
                0.0,
                1.0
            ]
        ],
        [
            [
                -0.9995350240480433,
                0.009923495067089819,
                0.02883286616487079,
                0.19988916996694456
            ],
            [
                -0.029447528976845744,
                -0.5595921956853616,
                -0.8282444894097872,
                1.188439645249429
            ],
            [
                0.007915558681153059,
                -0.8287081167796487,
                0.5596243901398702,
                -0.5397583571099134
            ],
            [
                0.0,
                0.0,
                0.0,
                1.0
            ]
        ],
        [
            [
                -0.9974390470494321,
                0.03260158093956276,
                0.06365966029877719,
                0.17106672907733084
            ],
            [
                -0.07118102044963798,
                -0.5393229827594064,
                -0.8390849301521587,
                1.1927087317658223
            ],
            [
                0.006977612748539193,
                -0.8414671123879536,
                0.5402625788360451,
                -0.5312850541967336
            ],
            [
                0.0,
                0.0,
                0.0,
                1.0
            ]
        ],
        [
            [
                -0.9888053291943337,
                0.048799366557486436,
                0.14100601950376432,
                0.14875040512489024
            ],
            [
                -0.14643959376347374,
                -0.49868806769294677,
                -0.8543215059451278,
                1.2001477736456463
            ],
            [
                0.028627673081721008,
                -0.8654061919162853,
                0.5002517300237307,
                -0.5254396627778156
            ],
            [
                0.0,
                0.0,
                0.0,
                1.0
            ]
        ],
        [
            [
                -0.9769720409029505,
                0.049405648241043376,
                0.2075686765842289,
                0.12626710718263323
            ],
            [
                -0.20696676789659124,
                -0.4559267865901748,
                -0.8656183580962437,
                1.20709124039286
            ],
            [
                0.05186969839088832,
                -0.8886444121436998,
                0.4556531894722312,
                -0.5198644925573547
            ],
            [
                0.0,
                0.0,
                0.0,
                1.0
            ]
        ],
        [
            [
                -0.9690741966331656,
                0.05401707151725778,
                0.24078494885742913,
                0.10316646257304289
            ],
            [
                -0.24027781822034552,
                -0.42888606556236447,
                -0.8708174071995028,
                1.2138466910897057
            ],
            [
                0.05623031941803663,
                -0.901741616425635,
                0.42860165441869486,
                -0.5123882516860171
            ],
            [
                0.0,
                0.0,
                0.0,
                1.0
            ]
        ],
        [
            [
                -0.966658358177181,
                0.06321453566751258,
                0.24814425591863942,
                0.0718000871939844
            ],
            [
                -0.2518187466292268,
                -0.41051146279310485,
                -0.8763944973017228,
                1.220957004563873
            ],
            [
                0.046465199268724555,
                -0.9096610937258935,
                0.4127430675398772,
                -0.4911155359822484
            ],
            [
                0.0,
                0.0,
                0.0,
                1.0
            ]
        ],
        [
            [
                -0.9700066485769921,
                0.07633173846762759,
                0.23078257998225482,
                0.11005156459957711
            ],
            [
                -0.2418026766178641,
                -0.4001509130126871,
                -0.8839741922367559,
                1.2142700137241298
            ],
            [
                0.024872567773937176,
                -0.9132643410099873,
                0.406606387904189,
                -0.46925687953736694
            ],
            [
                0.0,
                0.0,
                0.0,
                1.0
            ]
        ],
        [
            [
                -0.9768219740536284,
                0.09393985104406292,
                0.19233868788839542,
                0.14556849355655663
            ],
            [
                -0.2139503030888363,
                -0.4005823007467849,
                -0.890931389714635,
                1.2068323478051626
            ],
            [
                -0.006646513745334734,
                -0.9114319331453195,
                0.41139617695221953,
                -0.4586164574215871
            ],
            [
                0.0,
                0.0,
                0.0,
                1.0
            ]
        ],
        [
            [
                -0.9839327014806815,
                0.1127080201541261,
                0.1384679777318696,
                0.1798120387913703
            ],
            [
                -0.17265617595454705,
                -0.4032029241286723,
                -0.8986750743458359,
                1.1991866419779245
            ],
            [
                -0.04545724576435331,
                -0.9081428016616155,
                0.4161844018469884,
                -0.4496896955703444
            ],
            [
                0.0,
                0.0,
                0.0,
                1.0
            ]
        ],
        [
            [
                -0.988475598431003,
                0.1284558128447318,
                0.08009455853517393,
                0.21228347499893363
            ],
            [
                -0.12697891559569233,
                -0.41552159380395015,
                -0.9006762940824649,
                1.1927947401821175
            ],
            [
                -0.08241616122710399,
                -0.9004665197950489,
                0.4270442616630211,
                -0.44168662556039473
            ],
            [
                0.0,
                0.0,
                0.0,
                1.0
            ]
        ],
        [
            [
                -0.9899924312057734,
                0.13816962019945908,
                0.02870865725793238,
                0.2457457593300233
            ],
            [
                -0.08513035493375529,
                -0.42246954060707914,
                -0.9023701710829218,
                1.186900892448122
            ],
            [
                -0.1125517043626391,
                -0.8957832814670988,
                0.43000420205691886,
                -0.43530646124831857
            ],
            [
                0.0,
                0.0,
                0.0,
                1.0
            ]
        ],
        [
            [
                -0.9899973041803383,
                0.13991848570639454,
                -0.01811636056021404,
                0.2811349437510661
            ],
            [
                -0.044080986980715164,
                -0.4287307886159098,
                -0.9023560183760702,
                1.1822720518574965
            ],
            [
                -0.13402343688052681,
                -0.892531104384151,
                0.43061019498952874,
                -0.4305811368257531
            ],
            [
                0.0,
                0.0,
                0.0,
                1.0
            ]
        ],
        [
            [
                -0.9895396802451496,
                0.1349881819000453,
                -0.05088676237612634,
                0.31653332025749265
            ],
            [
                -0.012142531654339147,
                -0.4294245280017652,
                -0.9030208945840581,
                1.1805566571183708
            ],
            [
                -0.14374928687179767,
                -0.8929567792119418,
                0.4265718319437717,
                -0.4290107015497034
            ],
            [
                0.0,
                0.0,
                0.0,
                1.0
            ]
        ],
        [
            [
                -0.9895269294160324,
                0.1237317567657412,
                -0.07434354948808204,
                0.3507131490369849
            ],
            [
                0.014352092693001485,
                -0.4281420466590019,
                -0.9035972587231648,
                1.184812633332369
            ],
            [
                -0.1436333900129416,
                -0.8952004715666138,
                0.4218823972695205,
                -0.4329678674921078
            ],
            [
                0.0,
                0.0,
                0.0,
                1.0
            ]
        ],
        [
            [
                -0.9899116956712019,
                0.1051918690470957,
                -0.09491873598135912,
                0.3762473476014522
            ],
            [
                0.041778580237990415,
                -0.42342698455431443,
                -0.9049661542522657,
                1.2069597828486713
            ],
            [
                -0.13538634472303204,
                -0.8998018134458285,
                0.41476067757918866,
                -0.45367575133598687
            ],
            [
                0.0,
                0.0,
                0.0,
                1.0
            ]
        ],
        [
            [
                -0.9907471478373938,
                0.08218303094822516,
                -0.10800974781445541,
                0.3786956422369894
            ],
            [
                0.06418144902826593,
                -0.41751339798350634,
                -0.9064010743604524,
                1.237729887433605
            ],
            [
                -0.11958640384049349,
                -0.9049461619186043,
                0.4083757010690743,
                -0.4843875271412542
            ],
            [
                0.0,
                0.0,
                0.0,
                1.0
            ]
        ],
        [
            [
                -0.9916968285750302,
                0.054786595358050125,
                -0.11634389627786752,
                0.3731601347038598
            ],
            [
                0.083455356427117,
                -0.41413904993476214,
                -0.9063794213395824,
                1.2674308849307847
            ],
            [
                -0.09784007874409104,
                -0.9085627773197558,
                0.40612826646195266,
                -0.5151254547194203
            ],
            [
                0.0,
                0.0,
                0.0,
                1.0
            ]
        ],
        [
            [
                -0.9910400878007576,
                0.02631781831672812,
                -0.13094653158587669,
                0.36674358197574186
            ],
            [
                0.10913058926592514,
                -0.4056977109206472,
                -0.9074687270540519,
                1.2985861295117342
            ],
            [
                -0.07700737749812334,
                -0.9136278147230289,
                0.39919073352585455,
                -0.5470921685500878
            ],
            [
                0.0,
                0.0,
                0.0,
                1.0
            ]
        ]
    ]
}