{
    "trj_id": [
        0,
        14,
        130,
        152,
        167
    ],
    "trj_est": [
        [
            [
                -0.9995811382330839,
                -0.028932423934900094,
                -0.0007359978325548776,
                0.23522841316118207
            ],
            [
                0.015217966878999102,
                -0.5037929765929842,
                -0.8636901080326913,
                1.3456050556411023
            ],
            [
                0.024617857411280218,
                -0.8633392123746119,
                0.5040224023216143,
                -0.6174579161435642
            ],
            [
                0.0,
                0.0,
                0.0,
                1.0
            ]
        ],
        [
            [
                -0.9961525950584008,
                -0.08358581815378018,
                0.02607798669476336,
                0.2350931746779684
            ],
            [
                0.022617498378795675,
                -0.5333447554708151,
                -0.8456088709760551,
                1.3623951204898772
            ],
            [
                0.08458701666628549,
                -0.8417718413673637,
                0.5331872241233137,
                -0.603932077095384
            ],
            [
                0.0,
                0.0,
                0.0,
                1.0
            ]
        ],
        [
            [
                -0.9972718339364999,
                -0.06570408702123202,
                0.03385669663231152,
                0.2522340968518732
            ],
            [
                0.009621442777832086,
                -0.5695771570595142,
                -0.8219233656524452,
                1.2981344044849221
            ],
            [
                0.07328197056309729,
                -0.8193604855357249,
                0.5686456518207772,
                -0.5597794067518086
            ],
            [
                0.0,
                0.0,
                0.0,
                1.0
            ]
        ],
        [
            [
                -0.9977520698028753,
                -0.059109575879226016,
                0.031900066460031115,
                0.2560084415204173
            ],
            [
                0.007514089565904084,
                -0.570207567708983,
                -0.821514085719897,
                1.2687429711137255
            ],
            [
                0.0667424745098504,
                -0.8194307371998122,
                0.5693609978998365,
                -0.5630308823577214
            ],
            [
                0.0,
                0.0,
                0.0,
                1.0
            ]
        ],
        [
            [
                -0.9981543924321532,
                -0.05275492207338801,
                0.030503071938263755,
                0.257474972529239
            ],
            [
                0.0050591419513672286,
                -0.5706010980401794,
                -0.8212642330193608,
                1.24910213999233
            ],
            [
                0.06072410395226795,
                -0.8195964123301755,
                0.5698037974270515,
                -0.5645900549635909
            ],
            [
                0.0,
                0.0,
                0.0,
                1.0
            ]
        ]
    ],
    "trj_gt": [
        [
            [
                -0.9995811382330839,
                -0.028932423934900094,
                -0.0007359978325548776,
                0.23522841316118207
            ],
            [
                0.015217966878999102,
                -0.5037929765929842,
                -0.8636901080326913,
                1.3456050556411023
            ],
            [
                0.024617857411280218,
                -0.8633392123746119,
                0.5040224023216143,
                -0.6174579161435642
            ],
            [
                0.0,
                0.0,
                0.0,
                1.0
            ]
        ],
        [
            [
                -0.996184720472207,
                -0.08310934191638648,
                0.02662544946904213,
                0.23549114887516392
            ],
            [
                0.02205622296788981,
                -0.5349547564494971,
                -0.8445924824487882,
                1.3640275417504233
            ],
            [
                0.08443697683421271,
                -0.8407825461325107,
                0.5347469967002595,
                -0.6022281109706764
            ],
            [
                0.0,
                0.0,
                0.0,
                1.0
            ]
        ],
        [
            [
                -0.9979753635722914,
                -0.057198186950339985,
                0.027813977508736237,
                0.2535137827293283
            ],
            [
                0.009308939014956701,
                -0.5639600025985447,
                -0.8257493374670059,
                1.29329691225212
            ],
            [
                0.06291736396233501,
                -0.8238182608569846,
                0.563350815013458,
                -0.5587286107795885
            ],
            [
                0.0,
                0.0,
                0.0,
                1.0
            ]
        ],
        [
            [
                -0.9983504768140513,
                -0.05123934738842022,
                0.025902342155572158,
                0.257109250879117
            ],
            [
                0.007691661096978151,
                -0.566443544139534,
                -0.8240643525188819,
                1.2632725447475404
            ],
            [
                0.05689675847994956,
                -0.8225054921546939,
                0.5659034705909427,
                -0.5617091953120541
            ],
            [
                0.0,
                0.0,
                0.0,
                1.0
            ]
        ],
        [
            [
                -0.9987428965039269,
                -0.04402842139354859,
                0.023962506428667704,
                0.25855076742800925
            ],
            [
                0.005142722360290881,
                -0.5655142409965306,
                -0.8247221980986142,
                1.2431529753689474
            ],
            [
                0.04986237479774206,
                -0.8235618892241754,
                0.5650299290280363,
                -0.5630041226374509
            ],
            [
                0.0,
                0.0,
                0.0,
                1.0
            ]
        ]
    ]
}