{
    "trj_id": [
        0,
        101,
        139,
        214,
        239
    ],
    "trj_est": [
        [
            [
                -0.9999243880484093,
                0.0006799507576001067,
                -0.012281445597367288,
                0.23523132078529316
            ],
            [
                0.010369067340805695,
                -0.49049376684488555,
                -0.8713827569263823,
                1.3378682381345366
            ],
            [
                -0.006616491464223647,
                -0.8714438859709012,
                0.4904497767088881,
                -0.6232695136499352
            ],
            [
                0.0,
                0.0,
                0.0,
                1.0
            ]
        ],
        [
            [
                -0.9978918773663701,
                -0.06293385982723976,
                0.015958320013720446,
                0.23582515812638138
            ],
            [
                0.019216863633311487,
                -0.5210884750287573,
                -0.853314734215509,
                1.355997603294555
            ],
            [
                0.06201768687792136,
                -0.8512130015600912,
                0.5211931075333265,
                -0.6081927051084827
            ],
            [
                0.0,
                0.0,
                0.0,
                1.0
            ]
        ],
        [
            [
                -0.9957902785076466,
                -0.08386157237622684,
                0.03713708822965883,
                0.2351176312641693
            ],
            [
                0.016235340632293253,
                -0.5596935940515624,
                -0.8285832752185994,
                1.3850257996110178
            ],
            [
                0.09027035948076803,
                -0.8244986532983409,
                0.5586893976034492,
                -0.5599681444302871
            ],
            [
                0.0,
                0.0,
                0.0,
                1.0
            ]
        ],
        [
            [
                -0.9978464943813261,
                -0.058631677958516176,
                0.030035208016726437,
                0.25115924792331346
            ],
            [
                0.008371548376392006,
                -0.5651090825069853,
                -0.8250342586660357,
                1.3041665484877316
            ],
            [
                0.0653436964590326,
                -0.8230036156288427,
                0.5643675707921568,
                -0.5597347789339251
            ],
            [
                0.0,
                0.0,
                0.0,
                1.0
            ]
        ],
        [
            [
                -0.9982938732615804,
                -0.051697935844508096,
                0.027956139951107403,
                0.25587450452147975
            ],
            [
                0.006194223377058436,
                -0.5655880065578789,
                -0.8247303911644488,
                1.271538792698035
            ],
            [
                0.05844605341860607,
                -0.8231459292078287,
                0.5649257027085001,
                -0.5634514253187901
            ],
            [
                0.0,
                0.0,
                0.0,
                1.0
            ]
        ]
    ],
    "trj_gt": [
        [
            [
                -0.9999243880484093,
                0.0006799507576001067,
                -0.012281445597367288,
                0.23523132078529316
            ],
            [
                0.010369067340805695,
                -0.49049376684488555,
                -0.8713827569263823,
                1.3378682381345366
            ],
            [
                -0.006616491464223647,
                -0.8714438859709012,
                0.4904497767088881,
                -0.6232695136499352
            ],
            [
                0.0,
                0.0,
                0.0,
                1.0
            ]
        ],
        [
            [
                -0.9970492494211697,
                -0.07390233555102008,
                0.020768121778455793,
                0.2354613662022866
            ],
            [
                0.021425185420904873,
                -0.5276905750331544,
                -0.8491661519393803,
                1.3596234576940636
            ],
            [
                0.07371453716304648,
                -0.8462151888639594,
                0.5277170245184847,
                -0.6061868095668066
            ],
            [
                0.0,
                0.0,
                0.0,
                1.0
            ]
        ],
        [
            [
                -0.9959863098899067,
                -0.08201094354151982,
                0.03585456044897946,
                0.2357684440596868
            ],
            [
                0.016240476659772646,
                -0.559517076844482,
                -0.8286593990412688,
                1.3862745409657817
            ],
            [
                0.08802042240610904,
                -0.8247508047292942,
                0.5586034168566782,
                -0.5566914975693685
            ],
            [
                0.0,
                0.0,
                0.0,
                1.0
            ]
        ],
        [
            [
                -0.9978420096732588,
                -0.05915660089832603,
                0.02849379564703721,
                0.2522200013915307
            ],
            [
                0.009825249280408982,
                -0.5635869543347994,
                -0.8259980138129671,
                1.301640853098045
            ],
            [
                0.06492199579965344,
                -0.8239352435213366,
                0.5629521393822398,
                -0.5578953408682211
            ],
            [
                0.0,
                0.0,
                0.0,
                1.0
            ]
        ],
        [
            [
                -0.9982714957347472,
                -0.05263436060353504,
                0.026148067407958834,
                0.25663155426533363
            ],
            [
                0.00822899899120688,
                -0.5657063717777319,
                -0.8245653961115461,
                1.2683863402095776
            ],
            [
                0.05819262590666666,
                -0.8229246436076117,
                0.5651618463366228,
                -0.5612447348205267
            ],
            [
                0.0,
                0.0,
                0.0,
                1.0
            ]
        ]
    ]
}