{
    "trj_id": [
        0,
        101,
        139,
        214,
        239,
        254,
        269,
        283,
        311,
        345,
        369,
        390,
        407,
        426,
        451,
        471,
        493,
        517,
        542,
        563,
        589,
        611,
        631,
        648,
        662,
        676,
        692,
        720,
        733,
        747
    ],
    "trj_est": [
        [
            [
                -0.9999243880484093,
                0.0006799507576001067,
                -0.012281445597367288,
                0.23523132078529316
            ],
            [
                0.010369067340805695,
                -0.49049376684488555,
                -0.8713827569263823,
                1.3378682381345366
            ],
            [
                -0.006616491464223647,
                -0.8714438859709012,
                0.4904497767088881,
                -0.6232695136499352
            ],
            [
                0.0,
                0.0,
                0.0,
                1.0
            ]
        ],
        [
            [
                -0.9978900200960243,
                -0.06295784289167028,
                0.015979571206979147,
                0.2358514613088359
            ],
            [
                0.019210799808982375,
                -0.5210825122172811,
                -0.8533184367874757,
                1.355931579173552
            ],
            [
                0.062049351684154014,
                -0.8512147511230568,
                0.5211862326970556,
                -0.6080868334783527
            ],
            [
                0.0,
                0.0,
                0.0,
                1.0
            ]
        ],
        [
            [
                -0.9958112498915475,
                -0.08362615428634321,
                0.037088680421974336,
                0.235097969740229
            ],
            [
                0.016148666129997727,
                -0.55974559120657,
                -0.8285493231039401,
                1.3850797575826927
            ],
            [
                0.09004727643519661,
                -0.8244872067812924,
                0.5587428154811527,
                -0.559849020007545
            ],
            [
                0.0,
                0.0,
                0.0,
                1.0
            ]
        ],
        [
            [
                -0.9978469173357425,
                -0.05859674629639843,
                0.0300498326808038,
                0.2511901116701969
            ],
            [
                0.008348894291172908,
                -0.5652267686015848,
                -0.8249532632886952,
                1.3040807674950785
            ],
            [
                0.06532186947055785,
                -0.8229252523943279,
                0.5644839294347741,
                -0.5595843038407882
            ],
            [
                0.0,
                0.0,
                0.0,
                1.0
            ]
        ],
        [
            [
                -0.998288456626017,
                -0.05172142932844091,
                0.028054204058291836,
                0.2558456031989653
            ],
            [
                0.006136339221350692,
                -0.5657265991257971,
                -0.824636307498925,
                1.271388223515666
            ],
            [
                0.05851953730567865,
                -0.8230501188843944,
                0.5650573336781038,
                -0.5632258205968462
            ],
            [
                0.0,
                0.0,
                0.0,
                1.0
            ]
        ],
        [
            [
                -0.998604506247687,
                -0.04615202403526476,
                0.026571980696665255,
                0.25761715700991233
            ],
            [
                0.004232352234065541,
                -0.5661857557030245,
                -0.8243379319870632,
                1.2520797370088108
            ],
            [
                0.053087077293117964,
                -0.8230707573192241,
                0.565571877788219,
                -0.5651000144491487
            ],
            [
                0.0,
                0.0,
                0.0,
                1.0
            ]
        ],
        [
            [
                -0.9989606451370743,
                -0.03904242412522781,
                0.024531552480912357,
                0.25764643184124275
            ],
            [
                0.0019301079217626102,
                -0.5669850327413798,
                -0.8237997647034564,
                1.2316440102239536
            ],
            [
                0.04606909980844677,
                -0.8228951460367743,
                0.5664510718790088,
                -0.5662355126936379
            ],
            [
                0.0,
                0.0,
                0.0,
                1.0
            ]
        ],
        [
            [
                -0.9993462648143516,
                -0.029615337015848033,
                0.021907953406938768,
                0.2535491735404416
            ],
            [
                -0.0012423926086448547,
                -0.5673029971130873,
                -0.8235863002485447,
                1.2110614963009256
            ],
            [
                0.036815808255066536,
                -0.8230748431401619,
                0.5668753553075294,
                -0.5648041256301459
            ],
            [
                0.0,
                0.0,
                0.0,
                1.0
            ]
        ],
        [
            [
                -0.9997317264218775,
                -0.013194592192132223,
                0.020376966905304765,
                0.22965381409891997
            ],
            [
                -0.00928907689781494,
                -0.5676177339800138,
                -0.8233251722131774,
                1.189240337448095
            ],
            [
                0.022426570360708015,
                -0.823294487803337,
                0.5673198455297457,
                -0.5536256062116973
            ],
            [
                0.0,
                0.0,
                0.0,
                1.0
            ]
        ],
        [
            [
                -0.9994948970238542,
                0.01517925637853802,
                0.028879106201597834,
                0.19646127948927922
            ],
            [
                -0.03241968983873461,
                -0.561652925872607,
                -0.8268356581696037,
                1.1876434029283676
            ],
            [
                0.0036654972595737967,
                -0.8273543944595669,
                0.5618380632255388,
                -0.5417847686009774
            ],
            [
                0.0,
                0.0,
                0.0,
                1.0
            ]
        ],
        [
            [
                -0.9972966110530186,
                0.037318682365010465,
                0.06381063704510259,
                0.1730299675652339
            ],
            [
                -0.07384984160328432,
                -0.5420652408599923,
                -0.837191301180638,
                1.1921073108812468
            ],
            [
                0.0033413354805584975,
                -0.8396358040659698,
                0.5433270087926982,
                -0.5350261466770397
            ],
            [
                0.0,
                0.0,
                0.0,
                1.0
            ]
        ],
        [
            [
                -0.9896908281070496,
                0.051500746600324686,
                0.13390342233461025,
                0.14980527295730403
            ],
            [
                -0.14156202034127516,
                -0.5024526862352634,
                -0.8530511860646707,
                1.198551264800635
            ],
            [
                0.0233394970419162,
                -0.8632049586459278,
                0.5045331607114424,
                -0.5288941966674072
            ],
            [
                0.0,
                0.0,
                0.0,
                1.0
            ]
        ],
        [
            [
                -0.977951558591358,
                0.05567417598819951,
                0.20145391782141153,
                0.12733273543114787
            ],
            [
                -0.20418811026891973,
                -0.46054098858765835,
                -0.8639486751115072,
                1.2056652582819274
            ],
            [
                0.04466760080376321,
                -0.8860252833119422,
                0.4617251419041258,
                -0.5230076404146975
            ],
            [
                0.0,
                0.0,
                0.0,
                1.0
            ]
        ],
        [
            [
                -0.9691168852778859,
                0.05899277251609744,
                0.23960760030853714,
                0.1030249161606311
            ],
            [
                -0.24126520677753657,
                -0.430652160911915,
                -0.8697912550654513,
                1.2122757578984824
            ],
            [
                0.051864259633565515,
                -0.9007246802585137,
                0.4315523828422507,
                -0.5150832440620865
            ],
            [
                0.0,
                0.0,
                0.0,
                1.0
            ]
        ],
        [
            [
                -0.9660011974397145,
                0.06803880324173192,
                0.2495975408167384,
                0.07264603677764514
            ],
            [
                -0.2552023828299219,
                -0.40931843398236245,
                -0.8760982083958399,
                1.2179527758257462
            ],
            [
                0.04254463859301176,
                -0.9099907594169079,
                0.4127319869654512,
                -0.49222686782188996
            ],
            [
                0.0,
                0.0,
                0.0,
                1.0
            ]
        ],
        [
            [
                -0.968897384818552,
                0.08000883036342042,
                0.23437632763249588,
                0.10630750551802688
            ],
            [
                -0.24662884257979567,
                -0.39885094767656754,
                -0.8833585213326712,
                1.2125521868299385
            ],
            [
                0.02279525451641563,
                -0.913661197694855,
                0.40614413789400816,
                -0.4730279501553053
            ],
            [
                0.0,
                0.0,
                0.0,
                1.0
            ]
        ],
        [
            [
                -0.9756294685539809,
                0.09656229491632824,
                0.1972891016769766,
                0.14174442272457055
            ],
            [
                -0.2195449054258583,
                -0.39775059924390677,
                -0.8909720890790185,
                1.205192828590284
            ],
            [
                -0.007569416637737035,
                -0.9125451349019812,
                0.40922085274251385,
                -0.4618674763815657
            ],
            [
                0.0,
                0.0,
                0.0,
                1.0
            ]
        ],
        [
            [
                -0.983041594349777,
                0.11477010998382944,
                0.1434039122346203,
                0.17649780563020392
            ],
            [
                -0.17806623263415866,
                -0.40362143855684873,
                -0.897566403454163,
                1.1977073517831707
            ],
            [
                -0.045136657680452955,
                -0.9078509579730297,
                0.41717636521155443,
                -0.4523948282307902
            ],
            [
                0.0,
                0.0,
                0.0,
                1.0
            ]
        ],
        [
            [
                -0.987670734228734,
                0.13011533842228076,
                0.08769471945524425,
                0.20805058490152464
            ],
            [
                -0.1343404662901947,
                -0.41226795921954607,
                -0.9012451745401852,
                1.1912990937002323
            ],
            [
                -0.08111162710832057,
                -0.901887632756155,
                0.4246263327318623,
                -0.4447034004955887
            ],
            [
                0.0,
                0.0,
                0.0,
                1.0
            ]
        ],
        [
            [
                -0.989661532912248,
                0.14026691949222364,
                0.03183579567571713,
                0.24138074960598407
            ],
            [
                -0.08879043630006632,
                -0.4215589883926387,
                -0.9025915215908371,
                1.1854126829242586
            ],
            [
                -0.11317838554817851,
                -0.8960585342004794,
                0.4296149304626612,
                -0.43808790053322977
            ],
            [
                0.0,
                0.0,
                0.0,
                1.0
            ]
        ],
        [
            [
                -0.9897203865505649,
                0.1425663939956056,
                -0.015840101702762843,
                0.2761143022846734
            ],
            [
                -0.04725029747955872,
                -0.42825482092365463,
                -0.9025757190431597,
                1.1808991224733525
            ],
            [
                -0.13545401802155516,
                -0.8925206067433532,
                0.4305460805770948,
                -0.43317432690130964
            ],
            [
                0.0,
                0.0,
                0.0,
                1.0
            ]
        ],
        [
            [
                -0.9893040142676462,
                0.1371846475058793,
                -0.05090760761456463,
                0.3109297373673411
            ],
            [
                -0.013335456664398577,
                -0.4309961250095496,
                -0.9024149794344377,
                1.1790413982425756
            ],
            [
                -0.1457299237359024,
                -0.892048670602121,
                0.4281705788834346,
                -0.4311079986964191
            ],
            [
                0.0,
                0.0,
                0.0,
                1.0
            ]
        ],
        [
            [
                -0.9892448870817951,
                0.12609449598543357,
                -0.0750857813502434,
                0.34516994966606124
            ],
            [
                0.013688138160430605,
                -0.4301675409397835,
                -0.9028113624739474,
                1.182449594390504
            ],
            [
                -0.14612886932680236,
                -0.8940893356736177,
                0.4237699652978224,
                -0.4339353734442736
            ],
            [
                0.0,
                0.0,
                0.0,
                1.0
            ]
        ],
        [
            [
                -0.9898370265946409,
                0.10845450556336088,
                -0.09276998744180863,
                0.372069242414477
            ],
            [
                0.03796568966506836,
                -0.42656797308672023,
                -0.9038265955460936,
                1.2017660112282085
            ],
            [
                -0.13758754863483705,
                -0.898121681622349,
                0.41807141074414006,
                -0.45105108124883436
            ],
            [
                0.0,
                0.0,
                0.0,
                1.0
            ]
        ],
        [
            [
                -0.990932859780935,
                0.08414441930025292,
                -0.10545171106098193,
                0.3764585899104589
            ],
            [
                0.06062570118733189,
                -0.42062534426458476,
                -0.9053792425919883,
                1.2327139271348952
            ],
            [
                -0.12052999595222158,
                -0.9035190848122637,
                0.41166550671481317,
                -0.48045037467318474
            ],
            [
                0.0,
                0.0,
                0.0,
                1.0
            ]
        ],
        [
            [
                -0.9918685662163086,
                0.05713953783619117,
                -0.11437716380430021,
                0.37183489445160883
            ],
            [
                0.08067148194865928,
                -0.41446113794304845,
                -0.9066592397415235,
                1.2624151556425012
            ],
            [
                -0.09920257973120525,
                -0.9084688355982675,
                0.406436772722737,
                -0.51020243289384
            ],
            [
                0.0,
                0.0,
                0.0,
                1.0
            ]
        ],
        [
            [
                -0.9915062539559945,
                0.03177411978523536,
                -0.12673569892844708,
                0.3656361939308585
            ],
            [
                0.10307521261812305,
                -0.4060111062403231,
                -0.9082158342438111,
                1.293726501016562
            ],
            [
                -0.0803056659120294,
                -0.9135158769293088,
                0.39924080872116946,
                -0.5417175274264218
            ],
            [
                0.0,
                0.0,
                0.0,
                1.0
            ]
        ],
        [
            [
                -0.9856030039782426,
                0.011501187215101209,
                -0.1691658555242035,
                0.38114976462396155
            ],
            [
                0.15205493646070872,
                -0.3817047806991109,
                -0.9118749319892538,
                1.268558594726079
            ],
            [
                -0.07504890965349803,
                -0.9244154917471188,
                0.37441356922631547,
                -0.5085024993616097
            ],
            [
                0.0,
                0.0,
                0.0,
                1.0
            ]
        ],
        [
            [
                -0.9818542307358008,
                0.016564640104056543,
                -0.18934593345637005,
                0.38685117016193915
            ],
            [
                0.1697841155992003,
                -0.3715749228590372,
                -0.9129329027518795,
                1.2415968823614758
            ],
            [
                -0.08546694436409565,
                -0.9284603067384148,
                0.36197259060285614,
                -0.4802204904904085
            ],
            [
                0.0,
                0.0,
                0.0,
                1.0
            ]
        ],
        [
            [
                -0.9773535114992642,
                0.028005028905706473,
                -0.2101517382240061,
                0.3925976937301959
            ],
            [
                0.18630609778235857,
                -0.3598373121875494,
                -0.9144146903187902,
                1.2150953549765369
            ],
            [
                -0.10121534389100015,
                -0.9328010194553873,
                0.3464245108070077,
                -0.45259365477762303
            ],
            [
                0.0,
                0.0,
                0.0,
                1.0
            ]
        ]
    ],
    "trj_gt": [
        [
            [
                -0.9999243880484093,
                0.0006799507576001067,
                -0.012281445597367288,
                0.23523132078529316
            ],
            [
                0.010369067340805695,
                -0.49049376684488555,
                -0.8713827569263823,
                1.3378682381345366
            ],
            [
                -0.006616491464223647,
                -0.8714438859709012,
                0.4904497767088881,
                -0.6232695136499352
            ],
            [
                0.0,
                0.0,
                0.0,
                1.0
            ]
        ],
        [
            [
                -0.9970492494211697,
                -0.07390233555102008,
                0.020768121778455793,
                0.2354613662022866
            ],
            [
                0.021425185420904873,
                -0.5276905750331544,
                -0.8491661519393803,
                1.3596234576940636
            ],
            [
                0.07371453716304648,
                -0.8462151888639594,
                0.5277170245184847,
                -0.6061868095668066
            ],
            [
                0.0,
                0.0,
                0.0,
                1.0
            ]
        ],
        [
            [
                -0.9959863098899067,
                -0.08201094354151982,
                0.03585456044897946,
                0.2357684440596868
            ],
            [
                0.016240476659772646,
                -0.559517076844482,
                -0.8286593990412688,
                1.3862745409657817
            ],
            [
                0.08802042240610904,
                -0.8247508047292942,
                0.5586034168566782,
                -0.5566914975693685
            ],
            [
                0.0,
                0.0,
                0.0,
                1.0
            ]
        ],
        [
            [
                -0.9978420096732588,
                -0.05915660089832603,
                0.02849379564703721,
                0.2522200013915307
            ],
            [
                0.009825249280408982,
                -0.5635869543347994,
                -0.8259980138129671,
                1.301640853098045
            ],
            [
                0.06492199579965344,
                -0.8239352435213366,
                0.5629521393822398,
                -0.5578953408682211
            ],
            [
                0.0,
                0.0,
                0.0,
                1.0
            ]
        ],
        [
            [
                -0.9982714957347472,
                -0.05263436060353504,
                0.026148067407958834,
                0.25663155426533363
            ],
            [
                0.00822899899120688,
                -0.5657063717777319,
                -0.8245653961115461,
                1.2683863402095776
            ],
            [
                0.05819262590666666,
                -0.8229246436076117,
                0.5651618463366228,
                -0.5612447348205267
            ],
            [
                0.0,
                0.0,
                0.0,
                1.0
            ]
        ],
        [
            [
                -0.998666555856711,
                -0.04539361795256384,
                0.02458874764648232,
                0.2582298685143605
            ],
            [
                0.005443698773568641,
                -0.5662300161154685,
                -0.8242289990118145,
                1.2486525238092754
            ],
            [
                0.0513376439638325,
                -0.8229957669039591,
                0.5657222614724846,
                -0.5626359949919145
            ],
            [
                0.0,
                0.0,
                0.0,
                1.0
            ]
        ],
        [
            [
                -0.9989928532214946,
                -0.0390578029181153,
                0.022087199105087617,
                0.2579901235466904
            ],
            [
                0.0038190192896150076,
                -0.5644700782770916,
                -0.8254443985838458,
                1.227762451087692
            ],
            [
                0.044707623900656336,
                -0.824528388112772,
                0.5640509081019437,
                -0.5634907876871262
            ],
            [
                0.0,
                0.0,
                0.0,
                1.0
            ]
        ],
        [
            [
                -0.9992736268299652,
                -0.03061622514453068,
                0.022692344621494543,
                0.2531094137097833
            ],
            [
                -0.0014473985307865735,
                -0.5645391941118079,
                -0.8254046965866361,
                1.2069019881566796
            ],
            [
                0.03808150588382631,
                -0.8248376744016197,
                0.5640849854380853,
                -0.561398498414979
            ],
            [
                0.0,
                0.0,
                0.0,
                1.0
            ]
        ],
        [
            [
                -0.9996773534199369,
                -0.013483636983624344,
                0.02152805534545667,
                0.22785469639178801
            ],
            [
                -0.010182741898725214,
                -0.5637086048044523,
                -0.8259106682796779,
                1.1889211128463575
            ],
            [
                0.023271831847414357,
                -0.8258630906184721,
                0.5633895963746944,
                -0.5498172564527097
            ],
            [
                0.0,
                0.0,
                0.0,
                1.0
            ]
        ],
        [
            [
                -0.9993651540710146,
                0.016254494130519215,
                0.03170415678899805,
                0.19405555430766142
            ],
            [
                -0.03537408491601142,
                -0.5587702514748575,
                -0.8285674373301228,
                1.1892007264698097
            ],
            [
                0.004247384580158246,
                -0.8291626146480967,
                0.5589906749552035,
                -0.5377233387907446
            ],
            [
                0.0,
                0.0,
                0.0,
                1.0
            ]
        ],
        [
            [
                -0.99708618930044,
                0.03391913307254901,
                0.0683278186836502,
                0.16905706521176933
            ],
            [
                -0.07584511700218718,
                -0.536714385650996,
                -0.84034797939871,
                1.1931488581843162
            ],
            [
                0.008168639057454298,
                -0.8430813748919277,
                0.5377232644798081,
                -0.530737075533133
            ],
            [
                0.0,
                0.0,
                0.0,
                1.0
            ]
        ],
        [
            [
                -0.9877059637599512,
                0.04915174256875055,
                0.14839504311555987,
                0.14650822073068936
            ],
            [
                -0.15317188790248001,
                -0.4939495315942076,
                -0.8558924094280609,
                1.2008130108670347
            ],
            [
                0.03123106210514497,
                -0.8680996546958768,
                0.4954057136434153,
                -0.5249235680184622
            ],
            [
                0.0,
                0.0,
                0.0,
                1.0
            ]
        ],
        [
            [
                -0.9759129341194142,
                0.04977016442464434,
                0.21240743150261096,
                0.12389809952749442
            ],
            [
                -0.21165336159726,
                -0.4520225261800498,
                -0.8665322345181454,
                1.2078037502728771
            ],
            [
                0.05288550721904129,
                -0.8906164217000114,
                0.45166879019015244,
                -0.5192086219626966
            ],
            [
                0.0,
                0.0,
                0.0,
                1.0
            ]
        ],
        [
            [
                -0.9683758305119451,
                0.05574050435982415,
                0.24318980317950697,
                0.09931298339779636
            ],
            [
                -0.24336874050325122,
                -0.4257279294933827,
                -0.8715084811049839,
                1.21482122766748
            ],
            [
                0.054954384328837605,
                -0.9031321997724211,
                0.42583026364970683,
                -0.5108946474935749
            ],
            [
                0.0,
                0.0,
                0.0,
                1.0
            ]
        ],
        [
            [
                -0.9666856992264804,
                0.0651931128930243,
                0.24752504394191668,
                0.07262291813957225
            ],
            [
                -0.2521237704253511,
                -0.40944578250554153,
                -0.876805231152905,
                1.2209710417090238
            ],
            [
                0.04418643036402537,
                -0.9100016776152254,
                0.41224224151927347,
                -0.4863010980660448
            ],
            [
                0.0,
                0.0,
                0.0,
                1.0
            ]
        ],
        [
            [
                -0.970253745399436,
                0.07705195842224784,
                0.22950097420986937,
                0.11166188452141854
            ],
            [
                -0.24092884481266835,
                -0.40008116129725013,
                -0.8842443192191608,
                1.2139641557925043
            ],
            [
                0.02368625353236825,
                -0.9132344190409836,
                0.4067444077227695,
                -0.4687452508292096
            ],
            [
                0.0,
                0.0,
                0.0,
                1.0
            ]
        ],
        [
            [
                -0.9771339213813722,
                0.09459812098960524,
                0.19042198102410732,
                0.14691950558177752
            ],
            [
                -0.21247648215499781,
                -0.4009653598703135,
                -0.8911117647088074,
                1.2065278208249959
            ],
            [
                -0.00794490702898259,
                -0.9111953795603273,
                0.4118968540651795,
                -0.45820704216937674
            ],
            [
                0.0,
                0.0,
                0.0,
                1.0
            ]
        ],
        [
            [
                -0.9841398087375828,
                0.11349392155267955,
                0.13633783933670868,
                0.18099261184287627
            ],
            [
                -0.17100006183393138,
                -0.4024430514049648,
                -0.8993320919788488,
                1.1988665264354585
            ],
            [
                -0.04720056187743682,
                -0.9083819484056462,
                0.4154678186699032,
                -0.4494991661021391
            ],
            [
                0.0,
                0.0,
                0.0,
                1.0
            ]
        ],
        [
            [
                -0.988475598431003,
                0.128455812844732,
                0.08009455853517412,
                0.21228347499893369
            ],
            [
                -0.1269789155956925,
                -0.41552159380395015,
                -0.9006762940824651,
                1.1927947401821177
            ],
            [
                -0.08241616122710405,
                -0.9004665197950489,
                0.42704426166302134,
                -0.4416866255603949
            ],
            [
                0.0,
                0.0,
                0.0,
                1.0
            ]
        ],
        [
            [
                -0.9899924312057734,
                0.13816962019945897,
                0.028708657257932497,
                0.24574575933002327
            ],
            [
                -0.08513035493375533,
                -0.42246954060707886,
                -0.9023701710829217,
                1.186900892448122
            ],
            [
                -0.1125517043626391,
                -0.895783281467099,
                0.43000420205691875,
                -0.4353064612483185
            ],
            [
                0.0,
                0.0,
                0.0,
                1.0
            ]
        ],
        [
            [
                -0.9899973041803384,
                0.13991848570639454,
                -0.018116360560214047,
                0.2811349437510662
            ],
            [
                -0.04408098698071527,
                -0.42873078861590974,
                -0.9023560183760702,
                1.1822720518574967
            ],
            [
                -0.13402343688052673,
                -0.8925311043841512,
                0.4306101949895289,
                -0.4305811368257533
            ],
            [
                0.0,
                0.0,
                0.0,
                1.0
            ]
        ],
        [
            [
                -0.9895396802451498,
                0.1349881819000452,
                -0.05088676237612633,
                0.3165333202574927
            ],
            [
                -0.01214253165433903,
                -0.4294245280017653,
                -0.9030208945840582,
                1.1805566571183703
            ],
            [
                -0.1437492868717977,
                -0.8929567792119418,
                0.42657183194377163,
                -0.4290107015497033
            ],
            [
                0.0,
                0.0,
                0.0,
                1.0
            ]
        ],
        [
            [
                -0.9895269294160325,
                0.12373175676574115,
                -0.07434354948808193,
                0.35071314903698486
            ],
            [
                0.01435209269300143,
                -0.4281420466590018,
                -0.9035972587231648,
                1.184812633332369
            ],
            [
                -0.14363339001294156,
                -0.8952004715666138,
                0.4218823972695205,
                -0.4329678674921078
            ],
            [
                0.0,
                0.0,
                0.0,
                1.0
            ]
        ],
        [
            [
                -0.9899116956712017,
                0.10519186904709552,
                -0.09491873598135907,
                0.37624734760145223
            ],
            [
                0.0417785802379905,
                -0.4234269845543144,
                -0.9049661542522656,
                1.2069597828486716
            ],
            [
                -0.13538634472303177,
                -0.8998018134458284,
                0.4147606775791888,
                -0.45367575133598687
            ],
            [
                0.0,
                0.0,
                0.0,
                1.0
            ]
        ],
        [
            [
                -0.9907471478373938,
                0.08218303094822492,
                -0.10800974781445534,
                0.3786956422369895
            ],
            [
                0.06418144902826606,
                -0.4175133979835063,
                -0.9064010743604526,
                1.2377298874336047
            ],
            [
                -0.11958640384049359,
                -0.9049461619186043,
                0.4083757010690741,
                -0.4843875271412542
            ],
            [
                0.0,
                0.0,
                0.0,
                1.0
            ]
        ],
        [
            [
                -0.9916968285750299,
                0.05478659535805036,
                -0.11634389627786759,
                0.37316013470385984
            ],
            [
                0.0834553564271168,
                -0.4141390499347621,
                -0.9063794213395823,
                1.2674308849307845
            ],
            [
                -0.09784007874409105,
                -0.9085627773197558,
                0.4061282664619528,
                -0.5151254547194203
            ],
            [
                0.0,
                0.0,
                0.0,
                1.0
            ]
        ],
        [
            [
                -0.9910400878007578,
                0.026317818316728116,
                -0.13094653158587663,
                0.36674358197574186
            ],
            [
                0.10913058926592518,
                -0.4056977109206472,
                -0.907468727054052,
                1.2985861295117338
            ],
            [
                -0.0770073774981234,
                -0.9136278147230289,
                0.3991907335258546,
                -0.5470921685500878
            ],
            [
                0.0,
                0.0,
                0.0,
                1.0
            ]
        ],
        [
            [
                -0.9844796579929178,
                0.017606564574427833,
                -0.17461354025418196,
                0.3849897902684693
            ],
            [
                0.15502354936964388,
                -0.37914276046772155,
                -0.9122598804755733,
                1.2626874432252486
            ],
            [
                -0.08226529930526996,
                -0.92517015738273,
                0.37052901166167335,
                -0.5000695015703884
            ],
            [
                0.0,
                0.0,
                0.0,
                1.0
            ]
        ],
        [
            [
                -0.9805195976459651,
                0.018350683437023996,
                -0.1955623842816125,
                0.3907951367328455
            ],
            [
                0.17547086484094393,
                -0.36558418812910864,
                -0.9140885119774662,
                1.2365940416362666
            ],
            [
                -0.08826874619572699,
                -0.9305968503332456,
                0.3552425545641946,
                -0.4708541670308297
            ],
            [
                0.0,
                0.0,
                0.0,
                1.0
            ]
        ],
        [
            [
                -0.975885031019514,
                0.03123389723473941,
                -0.2160391670225356,
                0.3961814432415359
            ],
            [
                0.1911887413727116,
                -0.3552848896255519,
                -0.9149968026854705,
                1.2110394855393527
            ],
            [
                -0.10533446128955178,
                -0.9342355885482377,
                0.34074573487566584,
                -0.44347356053818315
            ],
            [
                0.0,
                0.0,
                0.0,
