{
    "trj_id": [
        0,
        101,
        139,
        214,
        239,
        254,
        269,
        283,
        311,
        345
    ],
    "trj_est": [
        [
            [
                -0.9999243880484093,
                0.0006799507576001067,
                -0.012281445597367288,
                0.23523132078529316
            ],
            [
                0.010369067340805695,
                -0.49049376684488555,
                -0.8713827569263823,
                1.3378682381345366
            ],
            [
                -0.006616491464223647,
                -0.8714438859709012,
                0.4904497767088881,
                -0.6232695136499352
            ],
            [
                0.0,
                0.0,
                0.0,
                1.0
            ]
        ],
        [
            [
                -0.9978900200960243,
                -0.06295784289167028,
                0.015979571206979147,
                0.2358514613088359
            ],
            [
                0.019210799808982375,
                -0.5210825122172811,
                -0.8533184367874757,
                1.355931579173552
            ],
            [
                0.062049351684154014,
                -0.8512147511230568,
                0.5211862326970556,
                -0.6080868334783527
            ],
            [
                0.0,
                0.0,
                0.0,
                1.0
            ]
        ],
        [
            [
                -0.9958112498915475,
                -0.08362615428634321,
                0.037088680421974336,
                0.235097969740229
            ],
            [
                0.016148666129997727,
                -0.55974559120657,
                -0.8285493231039401,
                1.3850797575826927
            ],
            [
                0.09004727643519661,
                -0.8244872067812924,
                0.5587428154811527,
                -0.559849020007545
            ],
            [
                0.0,
                0.0,
                0.0,
                1.0
            ]
        ],
        [
            [
                -0.9978469173357425,
                -0.05859674629639843,
                0.0300498326808038,
                0.2511901116701969
            ],
            [
                0.008348894291172908,
                -0.5652267686015848,
                -0.8249532632886952,
                1.3040807674950785
            ],
            [
                0.06532186947055785,
                -0.8229252523943279,
                0.5644839294347741,
                -0.5595843038407882
            ],
            [
                0.0,
                0.0,
                0.0,
                1.0
            ]
        ],
        [
            [
                -0.998288456626017,
                -0.05172142932844091,
                0.028054204058291836,
                0.2558456031989653
            ],
            [
                0.006136339221350692,
                -0.5657265991257971,
                -0.824636307498925,
                1.271388223515666
            ],
            [
                0.05851953730567865,
                -0.8230501188843944,
                0.5650573336781038,
                -0.5632258205968462
            ],
            [
                0.0,
                0.0,
                0.0,
                1.0
            ]
        ],
        [
            [
                -0.998604506247687,
                -0.04615202403526476,
                0.026571980696665255,
                0.25761715700991233
            ],
            [
                0.004232352234065541,
                -0.5661857557030245,
                -0.8243379319870632,
                1.2520797370088108
            ],
            [
                0.053087077293117964,
                -0.8230707573192241,
                0.565571877788219,
                -0.5651000144491487
            ],
            [
                0.0,
                0.0,
                0.0,
                1.0
            ]
        ],
        [
            [
                -0.9989597369869291,
                -0.039010312442394876,
                0.024623999111436472,
                0.25767167022650833
            ],
            [
                0.0018322616896458124,
                -0.5669248882731407,
                -0.8238414052349805,
                1.2316435069403502
            ],
            [
                0.04609522244983576,
                -0.8229379879267025,
                0.5663865526719972,
                -0.5662505913445071
            ],
            [
                0.0,
                0.0,
                0.0,
                1.0
            ]
        ],
        [
            [
                -0.9993475212232061,
                -0.02955219524658625,
                0.02192375764804829,
                0.2535256144851165
            ],
            [
                -0.0012913342420194747,
                -0.5673004622316697,
                -0.8235874066059505,
                1.2109612990668033
            ],
            [
                0.03677275908050705,
                -0.8230785542129664,
                0.5668722911874706,
                -0.5647712852776399
            ],
            [
                0.0,
                0.0,
                0.0,
                1.0
            ]
        ],
        [
            [
                -0.9997330675744316,
                -0.013011988564447994,
                0.02041907094761697,
                0.22964728342528715
            ],
            [
                -0.009425929641167757,
                -0.567671025810629,
                -0.823286912508654,
                1.1890091443794428
            ],
            [
                0.022300646226105794,
                -0.8232598424971997,
                0.5673742630735604,
                -0.5535229977076565
            ],
            [
                0.0,
                0.0,
                0.0,
                1.0
            ]
        ],
        [
            [
                -0.9994875253395474,
                0.01572407458429004,
                0.02887002904487266,
                0.196541788326482
            ],
            [
                -0.03271772195595542,
                -0.5617263335268708,
                -0.8267741322871391,
                1.1874656545674254
            ],
            [
                0.003213012055326386,
                -0.8272939187139314,
                0.5619285646575602,
                -0.5417783502574167
            ],
            [
                0.0,
                0.0,
                0.0,
                1.0
            ]
        ]
    ],
    "trj_gt": [
        [
            [
                -0.9999243880484093,
                0.0006799507576001067,
                -0.012281445597367288,
                0.23523132078529316
            ],
            [
                0.010369067340805695,
                -0.49049376684488555,
                -0.8713827569263823,
                1.3378682381345366
            ],
            [
                -0.006616491464223647,
                -0.8714438859709012,
                0.4904497767088881,
                -0.6232695136499352
            ],
            [
                0.0,
                0.0,
                0.0,
                1.0
            ]
        ],
        [
            [
                -0.9970492494211697,
                -0.07390233555102008,
                0.020768121778455793,
                0.2354613662022866
            ],
            [
                0.021425185420904873,
                -0.5276905750331544,
                -0.8491661519393803,
                1.3596234576940636
            ],
            [
                0.07371453716304648,
                -0.8462151888639594,
                0.5277170245184847,
                -0.6061868095668066
            ],
            [
                0.0,
                0.0,
                0.0,
                1.0
            ]
        ],
        [
            [
                -0.9959863098899067,
                -0.08201094354151982,
                0.03585456044897946,
                0.2357684440596868
            ],
            [
                0.016240476659772646,
                -0.559517076844482,
                -0.8286593990412688,
                1.3862745409657817
            ],
            [
                0.08802042240610904,
                -0.8247508047292942,
                0.5586034168566782,
                -0.5566914975693685
            ],
            [
                0.0,
                0.0,
                0.0,
                1.0
            ]
        ],
        [
            [
                -0.9978420096732588,
                -0.05915660089832603,
                0.02849379564703721,
                0.2522200013915307
            ],
            [
                0.009825249280408982,
                -0.5635869543347994,
                -0.8259980138129671,
                1.301640853098045
            ],
            [
                0.06492199579965344,
                -0.8239352435213366,
                0.5629521393822398,
                -0.5578953408682211
            ],
            [
                0.0,
                0.0,
                0.0,
                1.0
            ]
        ],
        [
            [
                -0.9982714957347472,
                -0.05263436060353504,
                0.026148067407958834,
                0.25663155426533363
            ],
            [
                0.00822899899120688,
                -0.5657063717777319,
                -0.8245653961115461,
                1.2683863402095776
            ],
            [
                0.05819262590666666,
                -0.8229246436076117,
                0.5651618463366228,
                -0.5612447348205267
            ],
            [
                0.0,
                0.0,
                0.0,
                1.0
            ]
        ],
        [
            [
                -0.998666555856711,
                -0.04539361795256384,
                0.02458874764648232,
                0.2582298685143605
            ],
            [
                0.005443698773568641,
                -0.5662300161154685,
                -0.8242289990118145,
                1.2486525238092754
            ],
            [
                0.0513376439638325,
                -0.8229957669039591,
                0.5657222614724846,
                -0.5626359949919145
            ],
            [
                0.0,
                0.0,
                0.0,
                1.0
            ]
        ],
        [
            [
                -0.9989928532214946,
                -0.0390578029181153,
                0.022087199105087617,
                0.2579901235466904
            ],
            [
                0.0038190192896150076,
                -0.5644700782770916,
                -0.8254443985838458,
                1.227762451087692
            ],
            [
                0.044707623900656336,
                -0.824528388112772,
                0.5640509081019437,
                -0.5634907876871262
            ],
            [
                0.0,
                0.0,
                0.0,
                1.0
            ]
        ],
        [
            [
                -0.9992736268299652,
                -0.03061622514453068,
                0.022692344621494543,
                0.2531094137097833
            ],
            [
                -0.0014473985307865735,
                -0.5645391941118079,
                -0.8254046965866361,
                1.2069019881566796
            ],
            [
                0.03808150588382631,
                -0.8248376744016197,
                0.5640849854380853,
                -0.561398498414979
            ],
            [
                0.0,
                0.0,
                0.0,
                1.0
            ]
        ],
        [
            [
                -0.9996773534199369,
                -0.013483636983624344,
                0.02152805534545667,
                0.22785469639178801
            ],
            [
                -0.010182741898725214,
                -0.5637086048044523,
                -0.8259106682796779,
                1.1889211128463575
            ],
            [
                0.023271831847414357,
                -0.8258630906184721,
                0.5633895963746944,
                -0.5498172564527097
            ],
            [
                0.0,
                0.0,
                0.0,
                1.0
            ]
        ],
        [
            [
                -0.9993651540710146,
                0.016254494130519215,
                0.03170415678899805,
                0.19405555430766142
            ],
            [
                -0.03537408491601142,
                -0.5587702514748575,
                -0.8285674373301228,
                1.1892007264698097
            ],
            [
                0.004247384580158246,
                -0.8291626146480967,
                0.5589906749552035,
                -0.5377233387907446
            ],
            [
                0.0,
                0.0,
                0.0,
                1.0
            ]
        ]
    ]
}