{
    "trj_id": [
        0,
        101,
        139,
        214,
        239,
        254,
        269,
        283,
        311,
        345,
        369,
        390,
        407,
        426,
        451
    ],
    "trj_est": [
        [
            [
                -0.9999243880484093,
                0.0006799507576001067,
                -0.012281445597367288,
                0.23523132078529316
            ],
            [
                0.010369067340805695,
                -0.49049376684488555,
                -0.8713827569263823,
                1.3378682381345366
            ],
            [
                -0.006616491464223647,
                -0.8714438859709012,
                0.4904497767088881,
                -0.6232695136499352
            ],
            [
                0.0,
                0.0,
                0.0,
                1.0
            ]
        ],
        [
            [
                -0.9978900200960243,
                -0.06295784289167028,
                0.015979571206979147,
                0.2358514613088359
            ],
            [
                0.019210799808982375,
                -0.5210825122172811,
                -0.8533184367874757,
                1.355931579173552
            ],
            [
                0.062049351684154014,
                -0.8512147511230568,
                0.5211862326970556,
                -0.6080868334783527
            ],
            [
                0.0,
                0.0,
                0.0,
                1.0
            ]
        ],
        [
            [
                -0.9958112498915475,
                -0.08362615428634321,
                0.037088680421974336,
                0.235097969740229
            ],
            [
                0.016148666129997727,
                -0.55974559120657,
                -0.8285493231039401,
                1.3850797575826927
            ],
            [
                0.09004727643519661,
                -0.8244872067812924,
                0.5587428154811527,
                -0.559849020007545
            ],
            [
                0.0,
                0.0,
                0.0,
                1.0
            ]
        ],
        [
            [
                -0.9978469173357425,
                -0.05859674629639843,
                0.0300498326808038,
                0.2511901116701969
            ],
            [
                0.008348894291172908,
                -0.5652267686015848,
                -0.8249532632886952,
                1.3040807674950785
            ],
            [
                0.06532186947055785,
                -0.8229252523943279,
                0.5644839294347741,
                -0.5595843038407882
            ],
            [
                0.0,
                0.0,
                0.0,
                1.0
            ]
        ],
        [
            [
                -0.998288456626017,
                -0.05172142932844091,
                0.028054204058291836,
                0.2558456031989653
            ],
            [
                0.006136339221350692,
                -0.5657265991257971,
                -0.824636307498925,
                1.271388223515666
            ],
            [
                0.05851953730567865,
                -0.8230501188843944,
                0.5650573336781038,
                -0.5632258205968462
            ],
            [
                0.0,
                0.0,
                0.0,
                1.0
            ]
        ],
        [
            [
                -0.998604506247687,
                -0.04615202403526476,
                0.026571980696665255,
                0.25761715700991233
            ],
            [
                0.004232352234065541,
                -0.5661857557030245,
                -0.8243379319870632,
                1.2520797370088108
            ],
            [
                0.053087077293117964,
                -0.8230707573192241,
                0.565571877788219,
                -0.5651000144491487
            ],
            [
                0.0,
                0.0,
                0.0,
                1.0
            ]
        ],
        [
            [
                -0.9989606451370743,
                -0.03904242412522781,
                0.024531552480912357,
                0.25764643184124275
            ],
            [
                0.0019301079217626102,
                -0.5669850327413798,
                -0.8237997647034564,
                1.2316440102239536
            ],
            [
                0.04606909980844677,
                -0.8228951460367743,
                0.5664510718790088,
                -0.5662355126936379
            ],
            [
                0.0,
                0.0,
                0.0,
                1.0
            ]
        ],
        [
            [
                -0.9993462648143516,
                -0.029615337015848033,
                0.021907953406938768,
                0.2535491735404416
            ],
            [
                -0.0012423926086448547,
                -0.5673029971130873,
                -0.8235863002485447,
                1.2110614963009256
            ],
            [
                0.036815808255066536,
                -0.8230748431401619,
                0.5668753553075294,
                -0.5648041256301459
            ],
            [
                0.0,
                0.0,
                0.0,
                1.0
            ]
        ],
        [
            [
                -0.9997317264218775,
                -0.013194592192132223,
                0.020376966905304765,
                0.22965381409891997
            ],
            [
                -0.00928907689781494,
                -0.5676177339800138,
                -0.8233251722131774,
                1.189240337448095
            ],
            [
                0.022426570360708015,
                -0.823294487803337,
                0.5673198455297457,
                -0.5536256062116973
            ],
            [
                0.0,
                0.0,
                0.0,
                1.0
            ]
        ],
        [
            [
                -0.9994948970238542,
                0.01517925637853802,
                0.028879106201597834,
                0.19646127948927922
            ],
            [
                -0.03241968983873461,
                -0.561652925872607,
                -0.8268356581696037,
                1.1876434029283676
            ],
            [
                0.0036654972595737967,
                -0.8273543944595669,
                0.5618380632255388,
                -0.5417847686009774
            ],
            [
                0.0,
                0.0,
                0.0,
                1.0
            ]
        ],
        [
            [
                -0.9972966110530186,
                0.037318682365010465,
                0.06381063704510259,
                0.1730299675652339
            ],
            [
                -0.07384984160328432,
                -0.5420652408599923,
                -0.837191301180638,
                1.1921073108812468
            ],
            [
                0.0033413354805584975,
                -0.8396358040659698,
                0.5433270087926982,
                -0.5350261466770397
            ],
            [
                0.0,
                0.0,
                0.0,
                1.0
            ]
        ],
        [
            [
                -0.9896833788219175,
                0.051507525400135236,
                0.1339567725969966,
                0.149825417714837
            ],
            [
                -0.14161331040601527,
                -0.5023812725729716,
                -0.8530846154223181,
                1.1985889591506853
            ],
            [
                0.023349243567802196,
                -0.8632461144123673,
                0.5044622821202556,
                -0.5289388928412626
            ],
            [
                0.0,
                0.0,
                0.0,
                1.0
            ]
        ],
        [
            [
                -0.9779439036220474,
                0.055696864858075436,
                0.20148493839543602,
                0.12736932520766941
            ],
            [
                -0.20422279406869548,
                -0.46060182677325223,
                -0.8639080279878915,
                1.2057482036175464
            ],
            [
                0.044676724790727075,
                -0.8859924879324577,
                0.46178727150875937,
                -0.5230689416616918
            ],
            [
                0.0,
                0.0,
                0.0,
                1.0
            ]
        ],
        [
            [
                -0.9691157568214851,
                0.05898882083671069,
                0.2396099377658395,
                0.10300411061485368
            ],
            [
                -0.24125137898246068,
                -0.4308949845121111,
                -0.8696748396747346,
                1.2124154972695502
            ],
            [
                0.051933600567577426,
                -0.900608815191746,
                0.4317861717648362,
                -0.5153160707351677
            ],
            [
                0.0,
                0.0,
                0.0,
                1.0
            ]
        ],
        [
            [
                -0.9662578636671021,
                0.06725154019777313,
                0.24881574632852127,
                0.07313764802813413
            ],
            [
                -0.25415572585935386,
                -0.4096033302587964,
                -0.8762691451067214,
                1.2183313733764842
            ],
            [
                0.04297391579517491,
                -0.9099208231230397,
                0.41284172503757477,
                -0.49239144932081647
            ],
            [
                0.0,
                0.0,
                0.0,
                1.0
            ]
        ]
    ],
    "trj_gt": [
        [
            [
                -0.9999243880484093,
                0.0006799507576001067,
                -0.012281445597367288,
                0.23523132078529316
            ],
            [
                0.010369067340805695,
                -0.49049376684488555,
                -0.8713827569263823,
                1.3378682381345366
            ],
            [
                -0.006616491464223647,
                -0.8714438859709012,
                0.4904497767088881,
                -0.6232695136499352
            ],
            [
                0.0,
                0.0,
                0.0,
                1.0
            ]
        ],
        [
            [
                -0.9970492494211697,
                -0.07390233555102008,
                0.020768121778455793,
                0.2354613662022866
            ],
            [
                0.021425185420904873,
                -0.5276905750331544,
                -0.8491661519393803,
                1.3596234576940636
            ],
            [
                0.07371453716304648,
                -0.8462151888639594,
                0.5277170245184847,
                -0.6061868095668066
            ],
            [
                0.0,
                0.0,
                0.0,
                1.0
            ]
        ],
        [
            [
                -0.9959863098899067,
                -0.08201094354151982,
                0.03585456044897946,
                0.2357684440596868
            ],
            [
                0.016240476659772646,
                -0.559517076844482,
                -0.8286593990412688,
                1.3862745409657817
            ],
            [
                0.08802042240610904,
                -0.8247508047292942,
                0.5586034168566782,
                -0.5566914975693685
            ],
            [
                0.0,
                0.0,
                0.0,
                1.0
            ]
        ],
        [
            [
                -0.9978420096732588,
                -0.05915660089832603,
                0.02849379564703721,
                0.2522200013915307
            ],
            [
                0.009825249280408982,
                -0.5635869543347994,
                -0.8259980138129671,
                1.301640853098045
            ],
            [
                0.06492199579965344,
                -0.8239352435213366,
                0.5629521393822398,
                -0.5578953408682211
            ],
            [
                0.0,
                0.0,
                0.0,
                1.0
            ]
        ],
        [
            [
                -0.9982714957347472,
                -0.05263436060353504,
                0.026148067407958834,
                0.25663155426533363
            ],
            [
                0.00822899899120688,
                -0.5657063717777319,
                -0.8245653961115461,
                1.2683863402095776
            ],
            [
                0.05819262590666666,
                -0.8229246436076117,
                0.5651618463366228,
                -0.5612447348205267
            ],
            [
                0.0,
                0.0,
                0.0,
                1.0
            ]
        ],
        [
            [
                -0.998666555856711,
                -0.04539361795256384,
                0.02458874764648232,
                0.2582298685143605
            ],
            [
                0.005443698773568641,
                -0.5662300161154685,
                -0.8242289990118145,
                1.2486525238092754
            ],
            [
                0.0513376439638325,
                -0.8229957669039591,
                0.5657222614724846,
                -0.5626359949919145
            ],
            [
                0.0,
                0.0,
                0.0,
                1.0
            ]
        ],
        [
            [
                -0.9989928532214946,
                -0.0390578029181153,
                0.022087199105087617,
                0.2579901235466904
            ],
            [
                0.0038190192896150076,
                -0.5644700782770916,
                -0.8254443985838458,
                1.227762451087692
            ],
            [
                0.044707623900656336,
                -0.824528388112772,
                0.5640509081019437,
                -0.5634907876871262
            ],
            [
                0.0,
                0.0,
                0.0,
                1.0
            ]
        ],
        [
            [
                -0.9992736268299652,
                -0.03061622514453068,
                0.022692344621494543,
                0.2531094137097833
            ],
            [
                -0.0014473985307865735,
                -0.5645391941118079,
                -0.8254046965866361,
                1.2069019881566796
            ],
            [
                0.03808150588382631,
                -0.8248376744016197,
                0.5640849854380853,
                -0.561398498414979
            ],
            [
                0.0,
                0.0,
                0.0,
                1.0
            ]
        ],
        [
            [
                -0.9996773534199369,
                -0.013483636983624344,
                0.02152805534545667,
                0.22785469639178801
            ],
            [
                -0.010182741898725214,
                -0.5637086048044523,
                -0.8259106682796779,
                1.1889211128463575
            ],
            [
                0.023271831847414357,
                -0.8258630906184721,
                0.5633895963746944,
                -0.5498172564527097
            ],
            [
                0.0,
                0.0,
                0.0,
                1.0
            ]
        ],
        [
            [
                -0.9993651540710146,
                0.016254494130519215,
                0.03170415678899805,
                0.19405555430766142
            ],
            [
                -0.03537408491601142,
                -0.5587702514748575,
                -0.8285674373301228,
                1.1892007264698097
            ],
            [
                0.004247384580158246,
                -0.8291626146480967,
                0.5589906749552035,
                -0.5377233387907446
            ],
            [
                0.0,
                0.0,
                0.0,
                1.0
            ]
        ],
        [
            [
                -0.99708618930044,
                0.03391913307254901,
                0.0683278186836502,
                0.16905706521176933
            ],
            [
                -0.07584511700218718,
                -0.536714385650996,
                -0.84034797939871,
                1.1931488581843162
            ],
            [
                0.008168639057454298,
                -0.8430813748919277,
                0.5377232644798081,
                -0.530737075533133
            ],
            [
                0.0,
                0.0,
                0.0,
                1.0
            ]
        ],
        [
            [
                -0.9877059637599512,
                0.04915174256875055,
                0.14839504311555987,
                0.14650822073068936
            ],
            [
                -0.15317188790248001,
                -0.4939495315942076,
                -0.8558924094280609,
                1.2008130108670347
            ],
            [
                0.03123106210514497,
                -0.8680996546958768,
                0.4954057136434153,
                -0.5249235680184622
            ],
            [
                0.0,
                0.0,
                0.0,
                1.0
            ]
        ],
        [
            [
                -0.9759129341194142,
                0.04977016442464434,
                0.21240743150261096,
                0.12389809952749442
            ],
            [
                -0.21165336159726,
                -0.4520225261800498,
                -0.8665322345181454,
                1.2078037502728771
            ],
            [
                0.05288550721904129,
                -0.8906164217000114,
                0.45166879019015244,
                -0.5192086219626966
            ],
            [
                0.0,
                0.0,
                0.0,
                1.0
            ]
        ],
        [
            [
                -0.9683758305119451,
                0.05574050435982415,
                0.24318980317950697,
                0.09931298339779636
            ],
            [
                -0.24336874050325122,
                -0.4257279294933827,
                -0.8715084811049839,
                1.21482122766748
            ],
            [
                0.054954384328837605,
                -0.9031321997724211,
                0.42583026364970683,
                -0.5108946474935749
            ],
            [
                0.0,
                0.0,
                0.0,
                1.0
            ]
        ],
        [
            [
                -0.9666856992264804,
                0.0651931128930243,
                0.24752504394191668,
                0.07262291813957225
            ],
            [
                -0.2521237704253511,
                -0.40944578250554153,
                -0.876805231152905,
                1.2209710417090238
            ],
            [
                0.04418643036402537,
                -0.9100016776152254,
                0.41224224151927347,
                -0.4863010980660448
            ],
            [
                0.0,
                0.0,
                0.0,
                1.0
            ]
        ]
    ]
}