{
    "trj_id": [
        0,
        101,
        139,
        214,
        239,
        254,
        269,
        283,
        311,
        345,
        369,
        390,
        407,
        426,
        451,
        471,
        493,
        517,
        542,
        563,
        589,
        611,
        631,
        648,
        662,
        676,
        692,
        720,
        733,
        747,
        761,
        775,
        788,
        800,
        812,
        825,
        832,
        836,
        849,
        854,
        859,
        866,
        874,
        887,
        909,
        940,
        953,
        961,
        980,
        1007,
        1029,
        1048,
        1069,
        1086,
        1102,
        1116,
        1131,
        1145,
        1156,
        1172,
        1188,
        1205,
        1219,
        1236,
        1255,
        1274,
        1291,
        1306,
        1322,
        1337,
        1353,
        1368,
        1383,
        1394,
        1407,
        1422,
        1440,
        1454,
        1468,
        1479,
        1492,
        1504,
        1517,
        1528,
        1541,
        1559,
        1579,
        1607,
        1623,
        1637,
        1647,
        1656,
        1663,
        1669,
        1676,
        1682,
        1688,
        1694,
        1703,
        1714,
        1724,
        1736,
        1748,
        1759,
        1772,
        1782,
        1793,
        1804,
        1814,
        1824,
        1831,
        1839,
        1849,
        1859,
        1870,
        1880,
        1888,
        1897,
        1904,
        1913,
        1922,
        1930,
        1938,
        1943,
        1950
    ],
    "trj_est": [
        [
            [
                -0.9999243880484093,
                0.0006799507576001067,
                -0.012281445597367288,
                0.23523132078529316
            ],
            [
                0.010369067340805695,
                -0.49049376684488555,
                -0.8713827569263823,
                1.3378682381345366
            ],
            [
                -0.006616491464223647,
                -0.8714438859709012,
                0.4904497767088881,
                -0.6232695136499352
            ],
            [
                0.0,
                0.0,
                0.0,
                1.0
            ]
        ],
        [
            [
                -0.9978900200960243,
                -0.06295784289167028,
                0.015979571206979147,
                0.2358514613088359
            ],
            [
                0.019210799808982375,
                -0.5210825122172811,
                -0.8533184367874757,
                1.355931579173552
            ],
            [
                0.062049351684154014,
                -0.8512147511230568,
                0.5211862326970556,
                -0.6080868334783527
            ],
            [
                0.0,
                0.0,
                0.0,
                1.0
            ]
        ],
        [
            [
                -0.9958112498915475,
                -0.08362615428634321,
                0.037088680421974336,
                0.235097969740229
            ],
            [
                0.016148666129997727,
                -0.55974559120657,
                -0.8285493231039401,
                1.3850797575826927
            ],
            [
                0.09004727643519661,
                -0.8244872067812924,
                0.5587428154811527,
                -0.559849020007545
            ],
            [
                0.0,
                0.0,
                0.0,
                1.0
            ]
        ],
        [
            [
                -0.9978469173357425,
                -0.05859674629639843,
                0.0300498326808038,
                0.2511901116701969
            ],
            [
                0.008348894291172908,
                -0.5652267686015848,
                -0.8249532632886952,
                1.3040807674950785
            ],
            [
                0.06532186947055785,
                -0.8229252523943279,
                0.5644839294347741,
                -0.5595843038407882
            ],
            [
                0.0,
                0.0,
                0.0,
                1.0
            ]
        ],
        [
            [
                -0.998288456626017,
                -0.05172142932844091,
                0.028054204058291836,
                0.2558456031989653
            ],
            [
                0.006136339221350692,
                -0.5657265991257971,
                -0.824636307498925,
                1.271388223515666
            ],
            [
                0.05851953730567865,
                -0.8230501188843944,
                0.5650573336781038,
                -0.5632258205968462
            ],
            [
                0.0,
                0.0,
                0.0,
                1.0
            ]
        ],
        [
            [
                -0.998604506247687,
                -0.04615202403526476,
                0.026571980696665255,
                0.25761715700991233
            ],
            [
                0.004232352234065541,
                -0.5661857557030245,
                -0.8243379319870632,
                1.2520797370088108
            ],
            [
                0.053087077293117964,
                -0.8230707573192241,
                0.565571877788219,
                -0.5651000144491487
            ],
            [
                0.0,
                0.0,
                0.0,
                1.0
            ]
        ],
        [
            [
                -0.9989606451370743,
                -0.03904242412522781,
                0.024531552480912357,
                0.25764643184124275
            ],
            [
                0.0019301079217626102,
                -0.5669850327413798,
                -0.8237997647034564,
                1.2316440102239536
            ],
            [
                0.04606909980844677,
                -0.8228951460367743,
                0.5664510718790088,
                -0.5662355126936379
            ],
            [
                0.0,
                0.0,
                0.0,
                1.0
            ]
        ],
        [
            [
                -0.9993462648143516,
                -0.029615337015848033,
                0.021907953406938768,
                0.2535491735404416
            ],
            [
                -0.0012423926086448547,
                -0.5673029971130873,
                -0.8235863002485447,
                1.2110614963009256
            ],
            [
                0.036815808255066536,
                -0.8230748431401619,
                0.5668753553075294,
                -0.5648041256301459
            ],
            [
                0.0,
                0.0,
                0.0,
                1.0
            ]
        ],
        [
            [
                -0.9997317264218775,
                -0.013194592192132223,
                0.020376966905304765,
                0.22965381409891997
            ],
            [
                -0.00928907689781494,
                -0.5676177339800138,
                -0.8233251722131774,
                1.189240337448095
            ],
            [
                0.022426570360708015,
                -0.823294487803337,
                0.5673198455297457,
                -0.5536256062116973
            ],
            [
                0.0,
                0.0,
                0.0,
                1.0
            ]
        ],
        [
            [
                -0.9994948970238542,
                0.01517925637853802,
                0.028879106201597834,
                0.19646127948927922
            ],
            [
                -0.03241968983873461,
                -0.561652925872607,
                -0.8268356581696037,
                1.1876434029283676
            ],
            [
                0.0036654972595737967,
                -0.8273543944595669,
                0.5618380632255388,
                -0.5417847686009774
            ],
            [
                0.0,
                0.0,
                0.0,
                1.0
            ]
        ],
        [
            [
                -0.9972966110530186,
                0.037318682365010465,
                0.06381063704510259,
                0.1730299675652339
            ],
            [
                -0.07384984160328432,
                -0.5420652408599923,
                -0.837191301180638,
                1.1921073108812468
            ],
            [
                0.0033413354805584975,
                -0.8396358040659698,
                0.5433270087926982,
                -0.5350261466770397
            ],
            [
                0.0,
                0.0,
                0.0,
                1.0
            ]
        ],
        [
            [
                -0.9896908281070496,
                0.051500746600324686,
                0.13390342233461025,
                0.14980527295730403
            ],
            [
                -0.14156202034127516,
                -0.5024526862352634,
                -0.8530511860646707,
                1.198551264800635
            ],
            [
                0.0233394970419162,
                -0.8632049586459278,
                0.5045331607114424,
                -0.5288941966674072
            ],
            [
                0.0,
                0.0,
                0.0,
                1.0
            ]
        ],
        [
            [
                -0.977951558591358,
                0.05567417598819951,
                0.20145391782141153,
                0.12733273543114787
            ],
            [
                -0.20418811026891973,
                -0.46054098858765835,
                -0.8639486751115072,
                1.2056652582819274
            ],
            [
                0.04466760080376321,
                -0.8860252833119422,
                0.4617251419041258,
                -0.5230076404146975
            ],
            [
                0.0,
                0.0,
                0.0,
                1.0
            ]
        ],
        [
            [
                -0.9691168852778859,
                0.05899277251609744,
                0.23960760030853714,
                0.1030249161606311
            ],
            [
                -0.24126520677753657,
                -0.430652160911915,
                -0.8697912550654513,
                1.2122757578984824
            ],
            [
                0.051864259633565515,
                -0.9007246802585137,
                0.4315523828422507,
                -0.5150832440620865
            ],
            [
                0.0,
                0.0,
                0.0,
                1.0
            ]
        ],
        [
            [
                -0.9660011974397145,
                0.06803880324173192,
                0.2495975408167384,
                0.07264603677764514
            ],
            [
                -0.2552023828299219,
                -0.40931843398236245,
                -0.8760982083958399,
                1.2179527758257462
            ],
            [
                0.04254463859301176,
                -0.9099907594169079,
                0.4127319869654512,
                -0.49222686782188996
            ],
            [
                0.0,
                0.0,
                0.0,
                1.0
            ]
        ],
        [
            [
                -0.968897384818552,
                0.08000883036342042,
                0.23437632763249588,
                0.10630750551802688
            ],
            [
                -0.24662884257979567,
                -0.39885094767656754,
                -0.8833585213326712,
                1.2125521868299385
            ],
            [
                0.02279525451641563,
                -0.913661197694855,
                0.40614413789400816,
                -0.4730279501553053
            ],
            [
                0.0,
                0.0,
                0.0,
                1.0
            ]
        ],
        [
            [
                -0.9756294685539809,
                0.09656229491632824,
                0.1972891016769766,
                0.14174442272457055
            ],
            [
                -0.2195449054258583,
                -0.39775059924390677,
                -0.8909720890790185,
                1.205192828590284
            ],
            [
                -0.007569416637737035,
                -0.9125451349019812,
                0.40922085274251385,
                -0.4618674763815657
            ],
            [
                0.0,
                0.0,
                0.0,
                1.0
            ]
        ],
        [
            [
                -0.983041594349777,
                0.11477010998382944,
                0.1434039122346203,
                0.17649780563020392
            ],
            [
                -0.17806623263415866,
                -0.40362143855684873,
                -0.897566403454163,
                1.1977073517831707
            ],
            [
                -0.045136657680452955,
                -0.9078509579730297,
                0.41717636521155443,
                -0.4523948282307902
            ],
            [
                0.0,
                0.0,
                0.0,
                1.0
            ]
        ],
        [
            [
                -0.987670734228734,
                0.13011533842228076,
                0.08769471945524425,
                0.20805058490152464
            ],
            [
                -0.1343404662901947,
                -0.41226795921954607,
                -0.9012451745401852,
                1.1912990937002323
            ],
            [
                -0.08111162710832057,
                -0.901887632756155,
                0.4246263327318623,
                -0.4447034004955887
            ],
            [
                0.0,
                0.0,
                0.0,
                1.0
            ]
        ],
        [
            [
                -0.989661532912248,
                0.14026691949222364,
                0.03183579567571713,
                0.24138074960598407
            ],
            [
                -0.08879043630006632,
                -0.4215589883926387,
                -0.9025915215908371,
                1.1854126829242586
            ],
            [
                -0.11317838554817851,
                -0.8960585342004794,
                0.4296149304626612,
                -0.43808790053322977
            ],
            [
                0.0,
                0.0,
                0.0,
                1.0
            ]
        ],
        [
            [
                -0.9897203865505649,
                0.1425663939956056,
                -0.015840101702762843,
                0.2761143022846734
            ],
            [
                -0.04725029747955872,
                -0.42825482092365463,
                -0.9025757190431597,
                1.1808991224733525
            ],
            [
                -0.13545401802155516,
                -0.8925206067433532,
                0.4305460805770948,
                -0.43317432690130964
            ],
            [
                0.0,
                0.0,
                0.0,
                1.0
            ]
        ],
        [
            [
                -0.9893040142676462,
                0.1371846475058793,
                -0.05090760761456463,
                0.3109297373673411
            ],
            [
                -0.013335456664398577,
                -0.4309961250095496,
                -0.9024149794344377,
                1.1790413982425756
            ],
            [
                -0.1457299237359024,
                -0.892048670602121,
                0.4281705788834346,
                -0.4311079986964191
            ],
            [
                0.0,
                0.0,
                0.0,
                1.0
            ]
        ],
        [
            [
                -0.9892448870817951,
                0.12609449598543357,
                -0.0750857813502434,
                0.34516994966606124
            ],
            [
                0.013688138160430605,
                -0.4301675409397835,
                -0.9028113624739474,
                1.182449594390504
            ],
            [
                -0.14612886932680236,
                -0.8940893356736177,
                0.4237699652978224,
                -0.4339353734442736
            ],
            [
                0.0,
                0.0,
                0.0,
                1.0
            ]
        ],
        [
            [
                -0.9898370265946409,
                0.10845450556336088,
                -0.09276998744180863,
                0.372069242414477
            ],
            [
                0.03796568966506836,
                -0.42656797308672023,
                -0.9038265955460936,
                1.2017660112282085
            ],
            [
                -0.13758754863483705,
                -0.898121681622349,
                0.41807141074414006,
                -0.45105108124883436
            ],
            [
                0.0,
                0.0,
                0.0,
                1.0
            ]
        ],
        [
            [
                -0.990932859780935,
                0.08414441930025292,
                -0.10545171106098193,
                0.3764585899104589
            ],
            [
                0.06062570118733189,
                -0.42062534426458476,
                -0.9053792425919883,
                1.2327139271348952
            ],
            [
                -0.12052999595222158,
                -0.9035190848122637,
                0.41166550671481317,
                -0.48045037467318474
            ],
            [
                0.0,
                0.0,
                0.0,
                1.0
            ]
        ],
        [
            [
                -0.9918685662163086,
                0.05713953783619117,
                -0.11437716380430021,
                0.37183489445160883
            ],
            [
                0.08067148194865928,
                -0.41446113794304845,
                -0.9066592397415235,
                1.2624151556425012
            ],
            [
                -0.09920257973120525,
                -0.9084688355982675,
                0.406436772722737,
                -0.51020243289384
            ],
            [
                0.0,
                0.0,
                0.0,
                1.0
            ]
        ],
        [
            [
                -0.9915082303395325,
                0.031671584712253294,
                -0.12674546925737964,
                0.36561951038106494
            ],
            [
                0.10311471650599578,
                -0.4061306685531015,
                -0.9081578993774398,
                1.2936880816721814
            ],
            [
                -0.08022983062025903,
                -0.9134663643753248,
                0.39936954373450056,
                -0.5417470033902246
            ],
            [
                0.0,
                0.0,
                0.0,
                1.0
            ]
        ],
        [
            [
                -0.9855899444063465,
                0.011357294814989101,
                -0.16925339157251496,
                0.38120324646524406
            ],
            [
                0.15221336038759609,
                -0.381419435428051,
                -0.9119680245448679,
                1.268681904046655
            ],
            [
                -0.07490399107543431,
                -0.9245348572616026,
                0.3741476668592307,
                -0.5083615204800901
            ],
            [
                0.0,
                0.0,
                0.0,
                1.0
            ]
        ],
        [
            [
                -0.9817472659850248,
                0.016647012978633982,
                -0.18989358491556624,
                0.3871211561102235
            ],
            [
                0.1703660537479271,
                -0.37046379484966346,
                -0.9132761957140194,
                1.2416641652967675
            ],
            [
                -0.0855403100494436,
                -0.9289025288178937,
                0.3608182916317763,
                -0.47969817403142206
            ],
            [
                0.0,
                0.0,
                0.0,
                1.0
            ]
        ],
        [
            [
                -0.9772018499024933,
                0.02805670137569851,
                -0.21085072857746065,
                0.3928322462619913
            ],
            [
                0.18707584202500918,
                -0.35860925226083573,
                -0.9147400799336083,
                1.2152027765604978
            ],
            [
                -0.10126417260614391,
                -0.9332723448007313,
                0.3451386212439732,
                -0.4519820599191531
            ],
            [
                0.0,
                0.0,
                0.0,
                1.0
            ]
        ],
        [
            [
                -0.9721423129735802,
                0.04039920046972527,
                -0.2312549619521758,
                0.3974307410822515
            ],
            [
                0.2032560997151953,
                -0.3482679633848105,
                -0.9152864464612915,
                1.1901763321106626
            ],
            [
                -0.11749969583034055,
                -0.9367333103125182,
                0.33030946606116784,
                -0.4277086459736362
            ],
            [
                0.0,
                0.0,
                0.0,
                1.0
            ]
        ],
        [
            [
                -0.9660012035984767,
                0.05350778957060234,
                -0.2532868902143829,
                0.40109116620060403
            ],
            [
                0.22148786734716053,
                -0.3358913000957006,
                -0.9156814477523728,
                1.165988902978461
            ],
            [
                -0.13405625017484207,
                -0.9405904819718615,
                0.3125765305511613,
                -0.4062215336056861
            ],
            [
                0.0,
                0.0,
                0.0,
                1.0
            ]
        ],
        [
            [
                -0.9579317506404789,
                0.06359730932858033,
                -0.28018531474640346,
                0.404196691355976
            ],
            [
                0.24636115249301357,
                -0.3201605481699149,
                -0.9149656331712823,
                1.1414816853106495
            ],
            [
                -0.1478741997254059,
                -0.945437482108643,
                0.29098273506290245,
                -0.3874698544408971
            ],
            [
                0.0,
                0.0,
                0.0,
                1.0
            ]
        ],
        [
            [
                -0.9488173816611069,
                0.06087723304902827,
                -0.31020662814989486,
                0.40602841578502075
            ],
            [
                0.27892249528566343,
                -0.30084943594710767,
                -0.9121697681705904,
                1.1172319415952894
            ],
            [
                -0.14883517405388386,
                -0.9519392574574896,
                0.2684313993458463,
                -0.3723371144095573
            ],
            [
                0.0,
                0.0,
                0.0,
                1.0
            ]
        ],
        [
            [
                -0.9380193637760518,
                0.03599122663417971,
                -0.3449869645073935,
                0.4052288151332795
            ],
            [
                0.32337039453888544,
                -0.26933385480595673,
                -0.907335523171215,
                1.095574575367998
            ],
            [
                -0.12555275717367598,
                -0.9625882121027338,
                0.240964112130047,
                -0.3614681662631803
            ],
            [
                0.0,
                0.0,
                0.0,
                1.0
            ]
        ],
        [
            [
                -0.9190401938082354,
                -0.05492662440567462,
                -0.39057306986186763,
                0.4025550780507241
            ],
            [
                0.3934913945221829,
                -0.19682121638142175,
                -0.8982200857508965,
                1.071442859305442
            ],
            [
                -0.027522858903183,
                -0.9791119397484851,
                0.2024644057874254,
                -0.3536020938505686
            ],
            [
                0.0,
                0.0,
                0.0,
                1.0
            ]
        ],
        [
            [
                -0.9004414195929122,
                -0.11447682057858903,
                -0.4198854531503524,
                0.40171849282406435
            ],
            [
                0.43402428921660585,
                -0.16378798164246136,
                -0.8860990764253356,
                1.0556141130187835
            ],
            [
                0.03267566622705197,
                -0.9800426041486239,
                0.19713290289966146,
                -0.347864763448654
            ],
            [
                0.0,
                0.0,
                0.0,
                1.0
            ]
        ],
        [
            [
                -0.8852657696395368,
                -0.14714177295867784,
                -0.4414286205169329,
                0.4015992699035952
            ],
            [
                0.46176601667541317,
                -0.16027607446836767,
                -0.8726169880790857,
                1.0411454944740313
            ],
            [
                0.057656102436331916,
                -0.9762552386938613,
                0.20979642945127153,
                -0.342219134765102
            ],
            [
                0.0,
                0.0,
                0.0,
                1.0
            ]
        ],
        [
            [
                -0.8638094506000472,
                -0.18920775339251486,
                -0.467167013167705,
                0.41607432646445575
            ],
            [
                0.49803552400780066,
                -0.17732569812744495,
                -0.8490571284230101,
                1.0495363268047282
            ],
            [
                0.07781456585503255,
                -0.9660081532832886,
                0.2473688201525778,
                -0.34644844390909557
            ],
            [
                0.0,
                0.0,
                0.0,
                1.0
            ]
        ],
        [
            [
                -0.8569206853253569,
                -0.20202891904900322,
                -0.47443016696009893,
                0.4215495735726953
            ],
            [
                0.50985482851091,
                -0.19372596652387133,
                -0.8383930997363551,
                1.0645286716173652
            ],
            [
                0.0774777861097053,
                -0.9602450222851269,
                0.268972783874782,
                -0.35482882683763173
            ],
            [
                0.0,
                0.0,
                0.0,
                1.0
            ]
        ],
        [
            [
                -0.8482392344063214,
                -0.2160555376001775,
                -0.48376323365831997,
                0.4286387776281465
            ],
            [
                0.5246720000667302,
                -0.2149133608431192,
                -0.823966257039647,
                1.0801386578789776
            ],
            [
                0.07406325589898557,
                -0.9526544132730651,
                0.2956134645365045,
                -0.3644360287481632
            ],
            [
                0.0,
                0.0,
                0.0,
                1.0
            ]
        ],
        [
            [
                -0.8335208077018277,
                -0.23694116394940268,
                -0.49932034977353973,
                0.4465437083433445
            ],
            [
                0.5490472409004878,
                -0.25062713560610816,
                -0.7975758940571847,
                1.0886952587540586
            ],
            [
                0.06384482536052281,
                -0.9388634105262689,
                0.33894744592977444,
                -0.3767673830886813
            ],
            [
                0.0,
                0.0,
                0.0,
                1.0
            ]
        ],
        [
            [
                -0.8136366502489291,
                -0.25413591380049344,
                -0.5231020025962361,
                0.46359025112210633
            ],
            [
                0.5803900080430052,
                -0.29617530264129205,
                -0.7588337512386784,
                1.0781570021738833
            ],
            [
                0.037930426301746735,
                -0.9209316761026568,
                0.3884245887260589,
                -0.37608678007875307
            ],
            [
                0.0,
                0.0,
                0.0,
                1.0
            ]
        ],
        [
            [
                -0.7933961219889494,
                -0.21750935999280907,
                -0.5687281315203694,
                0.4774708411215974
            ],
            [
                0.6039877610310013,
                -0.400264592255577,
                -0.6894875934757096,
                1.0646683438097275
            ],
            [
                -0.07764423402408845,
                -0.890456564570413,
                0.44888097229990054,
                -0.3709950386689086
            ],
            [
                0.0,
                0.0,
                0.0,
                1.0
            ]
        ],
        [
            [
                -0.7579740188595475,
                -0.04073927135645832,
                -0.6512015508661843,
                0.4885718233067561
            ],
            [
                0.5512771156273055,
                -0.5741149138186503,
                -0.6057277200986549,
                1.0509873678699355
            ],
            [
                -0.3491310477506502,
                -0.8180399036870967,
                0.4575558267552397,
                -0.3614889670662246
            ],
            [
                0.0,
                0.0,
                0.0,
                1.0
            ]
        ],
        [
            [
                -0.6515108247089245,
                0.21687461392991605,
                -0.7271577755449723,
                0.49953044114574896
            ],
            [
                0.37548008571867847,
                -0.740818190452816,
                -0.55735127619734,
                1.0350444352540635
            ],
            [
                -0.6594796118392747,
                -0.6360949981795302,
                0.4011576499311913,
                -0.3530626354408944
            ],
            [
                0.0,
                0.0,
                0.0,
                1.0
            ]
        ],
        [
            [
                -0.5949809228866851,
                0.32081196467342793,
                -0.7371189334094855,
                0.5129423038927087
            ],
            [
                0.2533709915474301,
                -0.7955685634917973,
                -0.5507474424016187,
                1.0153985081700823
            ],
            [
                -0.7630155066554006,
                -0.5144019300702005,
                0.3920006964905398,
                -0.34948218202169984
            ],
            [
                0.0,
                0.0,
                0.0,
                1.0
            ]
        ],
        [
            [
                -0.6046371998190612,
                0.33808756296979586,
                -0.721372513969421,
                0.5228343235055406
            ],
            [
                0.21011923587739975,
                -0.8059603855702858,
                -0.5538316654075852,
                0.9997393343745525
            ],
            [
                -0.76854273080805,
                -0.4863973097482088,
                0.4162086475564357,
                -0.3534723095560969
            ],
            [
                0.0,
                0.0,
                0.0,
                1.0
            ]
        ],
        [
            [
                -0.6275016254689469,
                0.34095541844148264,
                -0.7001890591436388,
                0.5244564377682355
            ],
            [
                0.1858757576031169,
                -0.8077357013121452,
                -0.5598913449466956,
                0.9872746046329235
            ],
            [
                -0.7563683116005165,
                -0.481433333748551,
                0.44340797994089454,
                -0.3655505920591983
            ],
            [
                0.0,
                0.0,
                0.0,
                1.0
            ]
        ],
        [
            [
                -0.6585430518224625,
                0.3404204564380694,
                -0.6713579200757661,
                0.5175710785066816
            ],
            [
                0.167278887463489,
                -0.8036264184367727,
                -0.5715629466011523,
                0.9827886667172188
            ],
            [
                -0.7339939753181473,
                -0.48864720005117523,
                0.47219557429606324,
                -0.3797182029250229
            ],
            [
                0.0,
                0.0,
                0.0,
                1.0
            ]
        ],
        [
            [
                -0.6971963005165287,
                0.3353649909356173,
                -0.6338329273484682,
                0.5087486882092191
            ],
            [
                0.15345352195821077,
                -0.7938672982442783,
                -0.5888293331444773,
                0.9824913379979588
            ],
            [
                -0.7005521780134507,
                -0.507733063576558,
                0.5019309004976699,
                -0.3927677445313857
            ],
            [
                0.0,
                0.0,
                0.0,
                1.0
            ]
        ],
        [
            [
                -0.7385709538722014,
                0.3260861734488519,
                -0.5903251536069298,
                0.49990770073003415
            ],
            [
                0.1423037271787345,
                -0.7804938784423044,
                -0.6091665057132836,
                0.9834682980455998
            ],
            [
                -0.6592882430734254,
                -0.5338555330025773,
                0.5299590904687164,
                -0.4049702308187801
            ],
            [
                0.0,
                0.0,
                0.0,
                1.0
            ]
        ],
        [
            [
                -0.7805256639050543,
                0.31202810315243795,
                -0.5419754175159291,
                0.4909502444269034
            ],
            [
                0.13226251826139143,
                -0.7648959682774154,
                -0.6308408683542726,
                0.9852428250731282
            ],
            [
                -0.6112978867715825,
                -0.5640021952928217,
                0.5556590167636816,
                -0.41695488847350254
            ],
            [
                0.0,
                0.0,
                0.0,
                1.0
            ]
        ],
        [
            [
                -0.8172694447706504,
                0.2959528002871913,
                -0.4947879369148679,
                0.48236460214063287
            ],
            [
                0.12206910107470782,
                -0.7501436024564924,
                -0.6503189744947998,
                0.9871832005533874
            ],
            [
                -0.5635307884674811,
                -0.5918097217202534,
                0.5768462030200555,
                -0.42794331883097253
            ],
            [
                0.0,
                0.0,
                0.0,
                1.0
            ]
        ],
        [
            [
                -0.8531382248592603,
                0.2750506810763188,
                -0.44366975375792,
                0.4727573529809685
            ],
            [
                0.1110273640726365,
                -0.7350934370724197,
                -0.6692106094988657,
                0.9896994161268203
            ],
            [
                -0.5101240285771449,
                -0.6201101076677898,
                0.5965005254001076,
                -0.43971192879924487
            ],
            [
                0.0,
                0.0,
                0.0,
                1.0
            ]
        ],
        [
            [
                -0.880921302520744,
                0.254657219533916,
                -0.3993443731205186,
                0.46351231271569954
            ],
            [
                0.10086842653293791,
                -0.7231696355600591,
                -0.6836561679215701,
                0.9919005535231721
            ],
            [
                -0.4628167407105736,
                -0.6424467237749444,
                0.6112678605571643,
                -0.45011931826399565
            ],
            [
                0.0,
                0.0,
                0.0,
                1.0
            ]
        ],
        [
            [
                -0.9048014164698963,
                0.23329069071837993,
                -0.3567449938904886,
                0.45388235122161535
            ],
            [
                0.09014811799946566,
                -0.7135021836148764,
                -0.6952173459987818,
                0.9945200823825995
            ],
            [
                -0.4166571408658523,
                -0.6611078604219316,
                0.624440759313334,
                -0.4602257717901815
            ],
            [
                0.0,
                0.0,
                0.0,
                1.0
            ]
        ],
        [
            [
                -0.9243728465314697,
                0.21222959829456975,
                -0.31757580363448396,
                0.443780357062451
            ],
            [
                0.07951766574159397,
                -0.7065220069553503,
                -0.7035952370561951,
                0.9967990656524672
            ],
            [
                -0.3736343181250828,
                -0.6755492200881229,
                0.6361058467922824,
                -0.4700257053943475
            ],
            [
                0.0,
                0.0,
                0.0,
                1.0
            ]
        ],
        [
            [
                -0.9400884648625802,
