{
    "trj_id": [
        0,
        85,
        107,
        118,
        128,
        141,
        150,
        157,
        168,
        175,
        182,
        190,
        197,
        205,
        212
    ],
    "trj_est": [
        [
            [
                -0.9995793154019172,
                -0.014191935117850841,
                -0.025293896462288336,
                -0.6832
            ],
            [
                0.015225986420031567,
                0.4854905164113444,
                -0.8741093340150208,
                2.6909
            ],
            [
                0.024685249809780416,
                -0.8741267342052048,
                -0.4850701918171965,
                1.7372999999999998
            ],
            [
                0.0,
                0.0,
                0.0,
                1.0
            ]
        ],
        [
            [
                -0.9861459239569068,
                0.03357176957052009,
                -0.16245234948846934,
                -0.2052347042976278
            ],
            [
                0.15779759038570668,
                0.4919731478829387,
                -0.8562030177733113,
                2.6950142983408134
            ],
            [
                0.0511787739460732,
                -0.8699767065061753,
                -0.4904533321607827,
                1.7382317955639013
            ],
            [
                0.0,
                0.0,
                0.0,
                1.0
            ]
        ],
        [
            [
                -0.9785568219844026,
                0.04612689239335403,
                -0.20077004080714583,
                0.09181988975891586
            ],
            [
                0.19708133392296323,
                0.49340308104672476,
                -0.8471927589262525,
                2.707995670798189
            ],
            [
                0.0599827470917398,
                -0.8685964573245711,
                -0.4919078826594473,
                1.6952728727318565
            ],
            [
                0.0,
                0.0,
                0.0,
                1.0
            ]
        ],
        [
            [
                -0.9767275116844187,
                0.06001470909155416,
                -0.20594799485837495,
                0.19990345352067268
            ],
            [
                0.20787409390546518,
                0.5019376044016691,
                -0.8395692705881743,
                2.6133143821274665
            ],
            [
                0.05298698051362497,
                -0.8628423755834892,
                -0.5027283183965439,
                1.6600314936528189
            ],
            [
                0.0,
                0.0,
                0.0,
                1.0
            ]
        ],
        [
            [
                -0.9750254194070936,
                0.09043833660751778,
                -0.20288070872956712,
                0.26888986315111796
            ],
            [
                0.2209849542677079,
                0.48764749789362866,
                -0.8446278876387215,
                2.4866824368094136
            ],
            [
                0.022548928143939172,
                -0.8683666218020566,
                -0.49545096060088706,
                1.6402188997769136
            ],
            [
                0.0,
                0.0,
                0.0,
                1.0
            ]
        ],
        [
            [
                -0.9561110913581504,
                0.10281453335705536,
                -0.274403500281426,
                0.3201691590036632
            ],
            [
                0.2888113209508891,
                0.4891539228689526,
                -0.8230132990411346,
                2.3217395841778394
            ],
            [
                0.04960868201835373,
                -0.8661386793681479,
                -0.4973771299352537,
                1.6363019993399885
            ],
            [
                0.0,
                0.0,
                0.0,
                1.0
            ]
        ],
        [
            [
                -0.9404976927706596,
                0.12816757329755651,
                -0.3147357341040268,
                0.36319157022148413
            ],
            [
                0.3375151216134572,
                0.4604381412477227,
                -0.8210468096438627,
                2.20248354016456
            ],
            [
                0.03968585664730054,
                -0.8784137735385629,
                -0.4762953766102307,
                1.627317691464007
            ],
            [
                0.0,
                0.0,
                0.0,
                1.0
            ]
        ],
        [
            [
                -0.923106327082086,
                0.1487456572336139,
                -0.35464326734404755,
                0.4008758920513479
            ],
            [
                0.38338868759784206,
                0.42853865097539773,
                -0.8181727954284443,
                2.1209623885122686
            ],
            [
                0.030279847571527903,
                -0.8912205203886279,
                -0.4526090845276575,
                1.627680636468229
            ],
            [
                0.0,
                0.0,
                0.0,
                1.0
            ]
        ],
        [
            [
                -0.8890753639234524,
                0.17637347483848512,
                -0.42244730414345305,
                0.4365408410734295
            ],
            [
                0.4566785811363956,
                0.4061797424262394,
                -0.791521028277861,
                1.9756319844914703
            ],
            [
                0.03198747797016118,
                -0.8966377669555112,
                -0.44166430666403284,
                1.6277952479446696
            ],
            [
                0.0,
                0.0,
                0.0,
                1.0
            ]
        ],
        [
            [
                -0.8666365794673425,
                0.18842603125338425,
                -0.46202064683948013,
                0.4477743150526219
            ],
            [
                0.49712208149120407,
                0.40583700020884195,
                -0.7669496375532316,
                1.8696977019142123
            ],
            [
                0.04299359263957386,
                -0.8943369407542286,
                -0.44537776957103087,
                1.6240544690323702
            ],
            [
                0.0,
                0.0,
                0.0,
                1.0
            ]
        ],
        [
            [
                -0.8425941796885045,
                0.24637258007184734,
                -0.4789177772433979,
                0.45905396648276187
            ],
            [
                0.5385531560735729,
                0.39565338941373707,
                -0.7439558215510648,
                1.7633550762961385
            ],
            [
                0.0061966592108110745,
                -0.8847645014694097,
                -0.4660528674154486,
                1.606703358458713
            ],
            [
                0.0,
                0.0,
                0.0,
                1.0
            ]
        ],
        [
            [
                -0.8164160776767829,
                0.26384861771280027,
                -0.513695764860012,
                0.4663014110004249
            ],
            [
                0.5770444154341817,
                0.40836891128121516,
                -0.7073258748178991,
                1.6696448454302122
            ],
            [
                0.023152407562340462,
                -0.8738817102187227,
                -0.485640710735672,
                1.5967346583878315
            ],
            [
                0.0,
                0.0,
                0.0,
                1.0
            ]
        ],
        [
            [
                -0.7766452981730803,
                0.24816172697867134,
                -0.5790313252037654,
                0.48449492500748814
            ],
            [
                0.6266733229996032,
                0.39843007120134294,
                -0.6697690535530313,
                1.591229736018331
            ],
            [
                0.06449334307155238,
                -0.8830178952536439,
                -0.46494306989071804,
                1.5817511398874649
            ],
            [
                0.0,
                0.0,
                0.0,
                1.0
            ]
        ],
        [
            [
                -0.7312580567481367,
                0.26387897267366234,
                -0.6290274835825655,
                0.5214186120484829
            ],
            [
                0.6805912155927168,
                0.34447360843426456,
                -0.6466780402918944,
                1.5248779988255676
            ],
            [
                0.04604077340591381,
                -0.9009765792874092,
                -0.43147946649792634,
                1.5335258527738325
            ],
            [
                0.0,
                0.0,
                0.0,
                1.0
            ]
        ],
        [
            [
                -0.7175436078461301,
                0.2912782517353655,
                -0.6327233026249848,
                0.553797372991449
            ],
            [
                0.6964409550644218,
                0.31686923911184744,
                -0.6439150620872329,
                1.4520672911150914
            ],
            [
                0.012935232138903002,
                -0.9026658867762511,
                -0.4302113214366569,
                1.5013757976511473
            ],
            [
                0.0,
                0.0,
                0.0,
                1.0
            ]
        ]
    ],
    "trj_gt": [
        [
            [
                -0.9995793154019172,
                -0.014191935117850841,
                -0.025293896462288336,
                -0.6832
            ],
            [
                0.015225986420031567,
                0.4854905164113444,
                -0.8741093340150208,
                2.6909
            ],
            [
                0.024685249809780416,
                -0.8741267342052048,
                -0.4850701918171965,
                1.7372999999999998
            ],
            [
                0.0,
                0.0,
                0.0,
                1.0
            ]
        ],
        [
            [
                -0.9855635920268185,
                0.038710296780542004,
                -0.16482086941391152,
                -0.2003000000000001
            ],
            [
                0.16228684344014524,
                0.49339700731932506,
                -0.8545304989376141,
                2.6946999999999997
            ],
            [
                0.04824299449069353,
                -0.8689424066596685,
                -0.49255629870206186,
                1.7377000000000005
            ],
            [
                0.0,
                0.0,
                0.0,
                1.0
            ]
        ],
        [
            [
                -0.9780028015149967,
                0.050869210215840205,
                -0.20229395364378844,
                0.10080000000000013
            ],
            [
                0.2006191683727073,
                0.49494885538207284,
                -0.8454451962353441,
                2.6981000000000006
            ],
            [
                0.05711803139343927,
                -0.8674318151924063,
                -0.49426670581958665,
                1.6946000000000003
            ],
            [
                0.0,
                0.0,
                0.0,
                1.0
            ]
        ],
        [
            [
                -0.9765944210095333,
                0.06363815583856774,
                -0.20545929517673486,
                0.20429999999999995
            ],
            [
                0.20937266118578235,
                0.50002667395038,
                -0.8403192334381644,
                2.6073
            ],
            [
                0.04925876166772836,
                -0.8636686346392269,
                -0.5016473501767704,
                1.6591
            ],
            [
                0.0,
                0.0,
                0.0,
                1.0
            ]
        ],
        [
            [
                -0.9738230131783421,
                0.09631003342329796,
                -0.20589588744377058,
                0.2756
            ],
            [
                0.22646967842543006,
                0.4887903183694181,
                -0.8424936257457413,
                2.4733
            ],
            [
                0.01949932712010667,
                -0.8670688566257735,
                -0.4978065629454246,
                1.6397999999999997
            ],
            [
                0.0,
                0.0,
                0.0,
                1.0
            ]
        ],
        [
            [
                -0.9550619558157069,
                0.1085400842224448,
                -0.27581825659383247,
                0.32649999999999996
            ],
            [
                0.2928694486104505,
                0.4888799656458923,
                -0.8217200650225609,
                2.3139000000000007
            ],
            [
                0.04565245474328111,
                -0.8655723131587886,
                -0.4986987307672407,
                1.6365000000000003
            ],
            [
                0.0,
                0.0,
                0.0,
                1.0
            ]
        ],
        [
            [
                -0.9395433518258135,
                0.13437704360056527,
                -0.3149620615139032,
                0.3698999999999998
            ],
            [
                0.3406507487171496,
                0.46042287361095646,
                -0.8197364484114847,
                2.1973999999999996
            ],
            [
                0.03486197697149959,
                -0.8774699924265222,
                -0.47836289044264085,
                1.6283
            ],
            [
                0.0,
                0.0,
                0.0,
                1.0
            ]
        ],
        [
            [
                -0.921869681228299,
                0.15466335102647213,
                -0.3552964096093511,
                0.4083999999999999
            ],
            [
                0.3866342174676072,
                0.42838422780764956,
                -0.8167012521411086,
                2.1148999999999996
            ],
            [
                0.025889625629672598,
                -0.8902618722684388,
                -0.4547125752273067,
                1.6308000000000002
            ],
            [
                0.0,
                0.0,
                0.0,
                1.0
            ]
        ],
        [
            [
                -0.8870203540467393,
                0.18334414194023868,
                -0.4237685891179232,
                0.44429999999999986
            ],
            [
                0.4609253284257555,
                0.40577567136479953,
                -0.7892363056423948,
                1.9646999999999994
            ],
            [
                0.02725313050655036,
                -0.8953943433731554,
                -0.44443923851630085,
                1.6375
            ],
            [
                0.0,
                0.0,
                0.0,
                1.0
            ]
        ],
        [
            [
                -0.8644484766542335,
                0.1973638435251956,
                -0.46235954027048876,
                0.4561999999999999
            ],
            [
                0.5013506516237138,
                0.406321156790379,
                -0.7639048642736908,
                1.8617999999999995
            ],
            [
                0.03709926315512445,
                -0.8921606530292011,
                -0.4501921965781468,
                1.6325999999999998
            ],
            [
                0.0,
                0.0,
                0.0,
                1.0
            ]
        ],
        [
            [
                -0.8396806264965465,
                0.2540664693039247,
                -0.4799861192386756,
                0.46800000000000036
            ],
            [
                0.5430516088217948,
                0.4019211559237592,
                -0.7372613746677426,
                1.7482000000000002
            ],
            [
                0.0056031814557764,
                -0.8797213272374081,
                -0.47545661291144736,
                1.6222999999999999
            ],
            [
                0.0,
                0.0,
                0.0,
                1.0
            ]
        ],
        [
            [
                -0.8144278776010594,
                0.2677618970299497,
                -0.5147919955527249,
                0.47790000000000005
            ],
            [
                0.5798611128471267,
                0.4086410402243251,
                -0.7048216725187113,
                1.6547
            ],
            [
                0.02164074846038978,
                -0.872534278262639,
                -0.48807336668043083,
                1.6084
            ],
            [
                0.0,
                0.0,
                0.0,
                1.0
            ]
        ],
        [
            [
                -0.7730590589516626,
                0.25621309513080043,
                -0.580288325969311,
                0.4984000000000002
            ],
            [
                0.6318501239724782,
                0.3918998033713808,
                -0.6687151598053068,
                1.5851
            ],
            [
                0.05608129999147528,
                -0.883611562849292,
                -0.4648499691193898,
                1.5905
            ],
            [
                0.0,
                0.0,
                0.0,
                1.0
            ]
        ],
        [
            [
                -0.7292687780275223,
                0.2728534490189329,
                -0.6274695568334105,
                0.5336000000000001
            ],
            [
                0.6825745032367582,
                0.3538153028897336,
                -0.6394581917312022,
                1.5075000000000003
            ],
            [
                0.047529958187831386,
                -0.8946316151352569,
                -0.44426926100636766,
                1.5511000000000001
            ],
            [
                0.0,
                0.0,
                0.0,
                1.0
            ]
        ],
        [
            [
                -0.7179124545080471,
                0.3002171326838764,
                -0.6280695669313258,
                0.5658999999999996
            ],
            [
                0.6959803255902355,
                0.32846102010765127,
                -0.6385332760797601,
                1.4385
            ],
            [
                0.01459774138492652,
                -0.8955350532016673,
                -0.44475147490879235,
                1.5203000000000002
            ],
            [
                0.0,
                0.0,
                0.0,
                1.0
            ]
        ]
    ]
}