{
    "trj_id": [
        0,
        85,
        107,
        118,
        128,
        141,
        150,
        157,
        168,
        175,
        182,
        190,
        197,
        205,
        212,
        219,
        227,
        240,
        249,
        258,
        266,
        274,
        284,
        294,
        305,
        314,
        324,
        334,
        342,
        349,
        357,
        367,
        375,
        383,
        392,
        401,
        409,
        416,
        428,
        440,
        461,
        474,
        488,
        499,
        513,
        523,
        533,
        547,
        558,
        568,
        579,
        589,
        597,
        606,
        615
    ],
    "trj_est": [
        [
            [
                -0.9995793154019172,
                -0.014191935117850841,
                -0.025293896462288336,
                -0.6832
            ],
            [
                0.015225986420031567,
                0.4854905164113444,
                -0.8741093340150208,
                2.6909
            ],
            [
                0.024685249809780416,
                -0.8741267342052048,
                -0.4850701918171965,
                1.7372999999999998
            ],
            [
                0.0,
                0.0,
                0.0,
                1.0
            ]
        ],
        [
            [
                -0.9861459239569068,
                0.03357176957052009,
                -0.16245234948846934,
                -0.2052347042976278
            ],
            [
                0.15779759038570668,
                0.4919731478829387,
                -0.8562030177733113,
                2.6950142983408134
            ],
            [
                0.0511787739460732,
                -0.8699767065061753,
                -0.4904533321607827,
                1.7382317955639013
            ],
            [
                0.0,
                0.0,
                0.0,
                1.0
            ]
        ],
        [
            [
                -0.9785568219844026,
                0.04612689239335403,
                -0.20077004080714583,
                0.09181988975891586
            ],
            [
                0.19708133392296323,
                0.49340308104672476,
                -0.8471927589262525,
                2.707995670798189
            ],
            [
                0.0599827470917398,
                -0.8685964573245711,
                -0.4919078826594473,
                1.6952728727318565
            ],
            [
                0.0,
                0.0,
                0.0,
                1.0
            ]
        ],
        [
            [
                -0.9767275116844187,
                0.06001470909155416,
                -0.20594799485837495,
                0.19990345352067268
            ],
            [
                0.20787409390546518,
                0.5019376044016691,
                -0.8395692705881743,
                2.6133143821274665
            ],
            [
                0.05298698051362497,
                -0.8628423755834892,
                -0.5027283183965439,
                1.6600314936528189
            ],
            [
                0.0,
                0.0,
                0.0,
                1.0
            ]
        ],
        [
            [
                -0.9750254194070936,
                0.09043833660751778,
                -0.20288070872956712,
                0.26888986315111796
            ],
            [
                0.2209849542677079,
                0.48764749789362866,
                -0.8446278876387215,
                2.4866824368094136
            ],
            [
                0.022548928143939172,
                -0.8683666218020566,
                -0.49545096060088706,
                1.6402188997769136
            ],
            [
                0.0,
                0.0,
                0.0,
                1.0
            ]
        ],
        [
            [
                -0.9561110913581504,
                0.10281453335705536,
                -0.274403500281426,
                0.3201691590036632
            ],
            [
                0.2888113209508891,
                0.4891539228689526,
                -0.8230132990411346,
                2.3217395841778394
            ],
            [
                0.04960868201835373,
                -0.8661386793681479,
                -0.4973771299352537,
                1.6363019993399885
            ],
            [
                0.0,
                0.0,
                0.0,
                1.0
            ]
        ],
        [
            [
                -0.9404976927706596,
                0.12816757329755651,
                -0.3147357341040268,
                0.36319157022148413
            ],
            [
                0.3375151216134572,
                0.4604381412477227,
                -0.8210468096438627,
                2.20248354016456
            ],
            [
                0.03968585664730054,
                -0.8784137735385629,
                -0.4762953766102307,
                1.627317691464007
            ],
            [
                0.0,
                0.0,
                0.0,
                1.0
            ]
        ],
        [
            [
                -0.923106327082086,
                0.1487456572336139,
                -0.35464326734404755,
                0.4008758920513479
            ],
            [
                0.38338868759784206,
                0.42853865097539773,
                -0.8181727954284443,
                2.1209623885122686
            ],
            [
                0.030279847571527903,
                -0.8912205203886279,
                -0.4526090845276575,
                1.627680636468229
            ],
            [
                0.0,
                0.0,
                0.0,
                1.0
            ]
        ],
        [
            [
                -0.8890753639234524,
                0.17637347483848512,
                -0.42244730414345305,
                0.4365408410734295
            ],
            [
                0.4566785811363956,
                0.4061797424262394,
                -0.791521028277861,
                1.9756319844914703
            ],
            [
                0.03198747797016118,
                -0.8966377669555112,
                -0.44166430666403284,
                1.6277952479446696
            ],
            [
                0.0,
                0.0,
                0.0,
                1.0
            ]
        ],
        [
            [
                -0.8666365794673425,
                0.18842603125338425,
                -0.46202064683948013,
                0.4477743150526219
            ],
            [
                0.49712208149120407,
                0.40583700020884195,
                -0.7669496375532316,
                1.8696977019142123
            ],
            [
                0.04299359263957386,
                -0.8943369407542286,
                -0.44537776957103087,
                1.6240544690323702
            ],
            [
                0.0,
                0.0,
                0.0,
                1.0
            ]
        ],
        [
            [
                -0.8425941796885045,
                0.24637258007184734,
                -0.4789177772433979,
                0.45905396648276187
            ],
            [
                0.5385531560735729,
                0.39565338941373707,
                -0.7439558215510648,
                1.7633550762961385
            ],
            [
                0.0061966592108110745,
                -0.8847645014694097,
                -0.4660528674154486,
                1.606703358458713
            ],
            [
                0.0,
                0.0,
                0.0,
                1.0
            ]
        ],
        [
            [
                -0.8163997889405632,
                0.2637829160224639,
                -0.5137555713386501,
                0.46628050668255683
            ],
            [
                0.5770663780334699,
                0.4083006540277498,
                -0.707347373259445,
                1.6695299516014581
            ],
            [
                0.023182607484301815,
                -0.8739333494462155,
                -0.4855461849403687,
                1.5968710384115523
            ],
            [
                0.0,
                0.0,
                0.0,
                1.0
            ]
        ],
        [
            [
                -0.7765675594888887,
                0.2481837290327547,
                -0.5791267592587512,
                0.4848324181697298
            ],
            [
                0.6267457705025936,
                0.3986990825135093,
                -0.6695413550342673,
                1.5917043418837669
            ],
            [
                0.06472889427224238,
                -0.8828905450805447,
                -0.4651525679803065,
                1.5822264375415285
            ],
            [
                0.0,
                0.0,
                0.0,
                1.0
            ]
        ],
        [
            [
                -0.7307859203195076,
                0.26353281933145883,
                -0.6297212535816217,
                0.5221084889177164
            ],
            [
                0.6810648136446914,
                0.3443465432996523,
                -0.6462478202249244,
                1.524215873775361
            ],
            [
                0.046536802695812965,
                -0.9011257368896779,
                -0.4311134325359545,
                1.5330017719684776
            ],
            [
                0.0,
                0.0,
                0.0,
                1.0
            ]
        ],
        [
            [
                -0.7170020308462914,
                0.2914039186940319,
                -0.6332788277069847,
                0.5541117631036183
            ],
            [
                0.6969763071526031,
                0.31798549992940983,
                -0.6427844867978361,
                1.4502526522601953
            ],
            [
                0.01406708514531405,
                -0.9022318622940576,
                -0.43108418777231033,
                1.502544257270549
            ],
            [
                0.0,
                0.0,
                0.0,
                1.0
            ]
        ],
        [
            [
                -0.7166498349426906,
                0.24513887752720928,
                -0.6529731933977061,
                0.5855009785804414
            ],
            [
                0.6961605168830434,
                0.30901788176940986,
                -0.6480248235492574,
                1.3912668883245707
            ],
            [
                0.042927015127114956,
                -0.918951395805738,
                -0.39209968866394573,
                1.482534574541297
            ],
            [
                0.0,
                0.0,
                0.0,
                1.0
            ]
        ],
        [
            [
                -0.7014389738203246,
                0.28292083146876484,
                -0.6542146564882338,
                0.602973877688086
            ],
            [
                0.7126247280200662,
                0.2974834506643834,
                -0.6354056351519565,
                1.3334021417128858
            ],
            [
                0.014852609972571445,
                -0.9118770016838493,
                -0.4102655783558263,
                1.4544302952390973
            ],
            [
                0.0,
                0.0,
                0.0,
                1.0
            ]
        ],
        [
            [
                -0.6679377883841562,
                0.31064219509520485,
                -0.6763306298714787,
                0.6602751798395927
            ],
            [
                0.744033741288498,
                0.30139505517624543,
                -0.5963638702927428,
                1.2827439236292066
            ],
            [
                0.01859139277698767,
                -0.9015144872698412,
                -0.43242219236914253,
                1.4406891468890306
            ],
            [
                0.0,
                0.0,
                0.0,
                1.0
            ]
        ],
        [
            [
                -0.6517985145320006,
                0.32469902380027504,
                -0.6854178422146399,
                0.7602686623831946
            ],
            [
                0.7584448538566517,
                0.2805819930536207,
                -0.5883177022203021,
                1.2351211814581131
            ],
            [
                0.0012946764121945322,
                -0.9032800574237209,
                -0.4291266826642142,
                1.4591214276636488
            ],
            [
                0.0,
                0.0,
                0.0,
                1.0
            ]
        ],
        [
            [
                -0.6715063084871175,
                0.2908439203146059,
                -0.6815870287600644,
                0.844899088071202
            ],
            [
                0.7395035126716454,
                0.3224982310593426,
                -0.59094440393202,
                1.2035565218779536
            ],
            [
                0.04794306324032498,
                -0.9008229985992083,
                -0.43161504087485614,
                1.4870327830997827
            ],
            [
                0.0,
                0.0,
                0.0,
                1.0
            ]
        ],
        [
            [
                -0.6517863452380704,
                0.28497964727302527,
                -0.7028775941827801,
                0.9106600857409496
            ],
            [
                0.7548194608111474,
                0.33442078191251645,
                -0.5643580946021208,
                1.1850526559256007
            ],
            [
                0.07423103997269338,
                -0.8983495379298394,
                -0.43305135301397674,
                1.503701591840545
            ],
            [
                0.0,
                0.0,
                0.0,
                1.0
            ]
        ],
        [
            [
                -0.636360301860748,
                0.284798054976999,
                -0.7169494055095742,
                1.0047303102335114
            ],
            [
                0.7680669453148348,
                0.320897639372109,
                -0.554252989568002,
                1.165809302831331
            ],
            [
                0.07222212152528126,
                -0.9033278576519537,
                -0.422921107119538,
                1.5157319622603342
            ],
            [
                0.0,
                0.0,
                0.0,
                1.0
            ]
        ],
        [
            [
                -0.639993759103092,
                0.28805412392659857,
                -0.7124047262943083,
                1.125715659946549
            ],
            [
                0.766466394071878,
                0.30583231772223995,
                -0.5648928158030214,
                1.148499493792244
            ],
            [
                0.05516366930256861,
                -0.9075147988197565,
                -0.4164833671820408,
                1.5266065226801382
            ],
            [
                0.0,
                0.0,
                0.0,
                1.0
            ]
        ],
        [
            [
                -0.6181579510109981,
                0.3245454519363229,
                -0.7159906119654135,
                1.2125244150726129
            ],
            [
                0.7855558378845193,
                0.28968632139187445,
                -0.5468990834162745,
                1.1235702853192788
            ],
            [
                0.029928203618676326,
                -0.9004714481327817,
                -0.4339864902972841,
                1.5252830147545482
            ],
            [
                0.0,
                0.0,
                0.0,
                1.0
            ]
        ],
        [
            [
                -0.5754473164982821,
                0.33945623305962846,
                -0.7441268957860493,
                1.2806080326047442
            ],
            [
                0.8173960817593069,
                0.2710603801387709,
                -0.5084439120665528,
                1.071646219967652
            ],
            [
                0.029116891801791077,
                -0.9007754374343065,
                -0.4334134970929398,
                1.5322248339813418
            ],
            [
                0.0,
                0.0,
                0.0,
                1.0
            ]
        ],
        [
            [
                -0.5435211981473528,
                0.3628263275752643,
                -0.7569955786138273,
                1.343639895569087
            ],
            [
                0.8394734706181423,
                0.23566123388572405,
                -0.4897764451736538,
                1.0100087330142347
            ],
            [
                0.0006984211096394799,
                -0.9016245013630992,
                -0.4326293417722307,
                1.5301144095227341
            ],
            [
                0.0,
                0.0,
                0.0,
                1.0
            ]
        ],
        [
            [
                -0.4603169282328992,
                0.401472324316427,
                -0.7918536028680195,
                1.3903814746775622
            ],
            [
                0.8876375029413226,
                0.18947013680442384,
                -0.41992425536677674,
                0.9490228381573541
            ],
            [
                -0.018546431314918385,
                -0.8961208912030394,
                -0.4435365464246762,
                1.542725595858683
            ],
            [
                0.0,
                0.0,
                0.0,
                1.0
            ]
        ],
        [
            [
                -0.40662963024443893,
                0.3956117498747758,
                -0.823559777105806,
                1.4298808064568316
            ],
            [
                0.9136037063480378,
                0.1869765841428081,
                -0.36125849950954125,
                0.8824177686281843
            ],
            [
                0.011074899383569663,
                -0.8992481707105403,
                -0.43741997745930633,
                1.5598587147423457
            ],
            [
                0.0,
                0.0,
                0.0,
                1.0
            ]
        ],
        [
            [
                -0.35812180091866774,
                0.3966370816758125,
                -0.8453042933260577,
                1.4847399517564044
            ],
            [
                0.9336746469237904,
                0.1637411464754793,
                -0.31871785723491164,
                0.8189752005727633
            ],
            [
                0.012001392388705588,
                -0.9033218623665796,
                -0.4289258682717084,
                1.5614450019010697
            ],
            [
                0.0,
                0.0,
                0.0,
                1.0
            ]
        ],
        [
            [
                -0.3167354098075446,
                0.40747876237281894,
                -0.8565937949338844,
                1.5442910061471107
            ],
            [
                0.948590000948691,
                0.13533138718311774,
                -0.2863647325425837,
                0.7611253595755585
            ],
            [
                -0.00075766167188066,
                -0.9032005976172711,
                -0.429351220895,
                1.5655155637653333
            ],
            [
                0.0,
                0.0,
                0.0,
                1.0
            ]
        ],
        [
            [
                -0.29004879860191085,
                0.4146373055334209,
                -0.862590953604925,
                1.6025584030760975
            ],
            [
                0.9570697583560247,
                0.1314668080721452,
                -0.2586128248828876,
                0.6956556594585326
            ],
            [
                0.006176055698234302,
                -0.9005116800465036,
                -0.43492281934534227,
                1.5638145554672305
            ],
            [
                0.0,
                0.0,
                0.0,
                1.0
            ]
        ],
        [
            [
                -0.2495670677200487,
                0.4217352505788808,
                -0.8717659630374521,
                1.636190355373196
            ],
            [
                0.9682946830683861,
                0.12415521680440822,
                -0.217127136327316,
                0.6081212869940685
            ],
            [
                0.016667296815113426,
                -0.8982513540758826,
                -0.4392989123138102,
                1.5602205859101075
            ],
            [
                0.0,
                0.0,
                0.0,
                1.0
            ]
        ],
        [
            [
                -0.19809587561041406,
                0.4182667936332056,
                -0.8865282207175195,
                1.6620785720982258
            ],
            [
                0.9802614478460123,
                0.08262454034477011,
                -0.18004598402014027,
                0.5177279392285391
            ],
            [
                -0.002054161517881955,
                -0.9046315189506128,
                -0.4263278538438541,
                1.5565000693336117
            ],
            [
                0.0,
                0.0,
                0.0,
                1.0
            ]
        ],
        [
            [
                -0.16454309210456564,
                0.4491026266869896,
                -0.878268351216962,
                1.6733410729821172
            ],
            [
                0.9864200806514246,
                0.08199204461580804,
                -0.1428666188952759,
                0.42731202171965926
            ],
            [
                0.007851248482277343,
                -0.8897858313291452,
                -0.45644196953294236,
                1.5497833630328732
            ],
            [
                0.0,
                0.0,
                0.0,
                1.0
            ]
        ],
        [
            [
                -0.13060657248128832,
                0.45029636108034016,
                -0.8833474641356046,
                1.680570812627254
            ],
            [
                0.9911680445154766,
                0.08292660280741421,
                -0.10426257158036496,
                0.34141431585232873
            ],
            [
                0.026303566141679946,
                -0.8891000017454566,
                -0.45709364804113856,
                1.565494188151263
            ],
            [
                0.0,
                0.0,
                0.0,
                1.0
            ]
        ],
        [
            [
                -0.07966493731141125,
                0.42146474428904174,
                -0.9034094853315983,
                1.710181551292725
            ],
            [
                0.9968431387585357,
                0.04375896396350498,
                -0.06747660088239821,
                0.2561511337974143
            ],
            [
                0.011093147136106356,
                -0.9058681659086889,
                -0.42356483717819193,
                1.5809097027904804
            ],
            [
                0.0,
                0.0,
                0.0,
                1.0
            ]
        ],
        [
            [
                -0.03831768627019139,
                0.41885661710825645,
                -0.9073157172453624,
                1.7490040381103138
            ],
            [
                0.9992930081012996,
                0.006561563963615725,
                -0.0391605035455246,
                0.1580941154092808
            ],
            [
                -0.010448333751124457,
                -0.9081088012517489,
                -0.41875693536873887,
                1.5825079405827431
            ],
            [
                0.0,
                0.0,
                0.0,
                1.0
            ]
        ],
        [
            [
                0.016205844590394373,
                0.44855959278369617,
                -0.8936795166280583,
                1.7730228069859646
            ],
            [
                0.9999461934833676,
                -0.004712300240394345,
                0.015780331138065838,
                0.059351719286034825
            ],
            [
                0.00286571249823645,
                -0.893823625297852,
                -0.4485551459115421,
                1.5730627309136593
            ],
            [
                0.0,
                0.0,
                0.0,
                1.0
            ]
        ],
        [
            [
                0.10535543122765768,
                0.4309854949864125,
                -0.8962629745476439,
                1.7848238682411943
            ],
            [
                0.9944996343709289,
                -0.05096100575219015,
                0.09241131596216744,
                -0.042313156575682895
            ],
            [
                -0.005849642874869915,
                -0.9010037079213001,
                -0.43392917050987495,
                1.5768400823146633
            ],
            [
                0.0,
                0.0,
                0.0,
                1.0
            ]
        ],
        [
            [
                0.14589233107604163,
                0.4456647199127025,
                -0.8833103858078418,
                1.7723536259848027
            ],
            [
                0.9887848702293343,
                -0.09673308940326616,
                0.11452012621050532,
                -0.14583831871453284
            ],
            [
                -0.03440967894218853,
                -0.8900488030165327,
                -0.454721260171314,
                1.5681629514478717
            ],
            [
                0.0,
                0.0,
                0.0,
                1.0
            ]
        ],
        [
            [
                0.2545311142699863,
                0.41779193011540605,
                -0.872244611740017,
                1.7709293626640432
            ],
            [
                0.9667990419600279,
                -0.13422515372989244,
                0.21784512749195098,
                -0.24504832880950575
            ],
            [
                -0.02606793782579856,
                -0.8986672802162057,
                -0.4380277362983132,
                1.574007141243896
            ],
            [
                0.0,
                0.0,
                0.0,
                1.0
            ]
        ],
        [
            [
                0.3254832897900041,
                0.42345644303375385,
                -0.8455174062564951,
                1.7878715536354048
            ],
            [
                0.9453754559791446,
                -0.16676751464333836,
                0.28041654633137636,
                -0.3468750594798325
            ],
            [
                -0.022267113219249117,
                -0.8905332061448594,
                -0.45454593581078195,
                1.5581087405603207
            ],
            [
                0.0,
                0.0,
                0.0,
                1.0
            ]
        ],
        [
            [
                0.34296200967449797,
                0.40861196917756765,
                -0.8459149347127596,
                1.8067951548384418
            ],
            [
                0.9392879832906116,
                -0.1655073440104436,
                0.30088460912160214,
                -0.5005547375401423
            ],
            [
                -0.01706809279668961,
                -0.8976744278550731,
                -0.4405082343714956,
                1.5562307137370466
            ],
            [
                0.0,
                0.0,
                0.0,
                1.0
            ]
        ],
        [
            [
                0.3959787375926869,
                0.3757529180033812,
                -0.8379564129628658,
                1.7669626293410388
            ],
            [
                0.9183541736491263,
                -0.1607491223963679,
                0.36190249800993374,
                -0.6073184448749872
            ],
            [
                0.0012735458675059467,
                -0.9127703505946206,
                -0.40867087557036264,
                1.572320933555522
            ],
            [
                0.0,
                0.0,
                0.0,
                1.0
            ]
        ],
        [
            [
                0.42371564444544446,
                0.36138432097247736,
                -0.8306819946170568,
                1.694116531205255
            ],
            [
                0.9054446990916699,
                -0.19785981363081487,
                0.3757859180165653,
                -0.7772529740254437
            ],
            [
                -0.028563933046796375,
                -0.9112833266658933,
                -0.4109913898816263,
                1.5831430388253591
            ],
            [
                0.0,
                0.0,
                0.0,
                1.0
            ]
        ],
        [
            [
                0.3950200244819084,
                0.39460556404696434,
                -0.8297084402069365,
                1.6476895093996669
            ],
            [
                0.9187563022173378,
                -0.16400963614527161,
                0.35942495370981764,
                -0.9046972479964821
            ],
            [
                0.005739336494115944,
                -0.9041993247139432,
                -0.427271953347938,
                1.579342430446374
            ],
            [
                0.0,
                0.0,
                0.0,
                1.0
            ]
        ],
        [
            [
                0.4141887937636889,
                0.4048178956905121,
                -0.8153168499698298,
                1.62455913103603
            ],
            [
                0.9102860458172141,
                -0.18041902942651622,
                0.3728649795017947,
                -1.0332922357701262
            ],
            [
                0.0038317759675334704,
                -0.8965316512250957,
                -0.4431640155249199,
                1.5603293609956885
            ],
            [
                0.0,
                0.0,
                0.0,
                1.0
            ]
        ],
        [
            [
                0.48191403889555445,
                0.3734344238837253,
                -0.7927674848710052,
                1.5744491927531927
            ],
            [
                0.876130968788395,
                -0.22448564122346112,
                0.4268579361392377,
                -1.1627656509156192
            ],
            [
                -0.018573039490564727,
                -0.9001966734549648,
                -0.4352955927357827,
                1.547583885335063
            ],
            [
                0.0,
                0.0,
                0.0,
                1.0
            ]
        ],
        [
            [
                0.5915821065868706,
                0.30688253811944743,
                -0.745677084156823,
                1.4903057428680142
            ],
            [
                0.804945038415296,
                -0.27964841956407505,
                0.5235220729952578,
                -1.2317268805758346
            ],
            [
                -0.04787896310684778,
                -0.9098496796994295,
                -0.4123937405765519,
                1.5450197936608534
            ],
            [
                0.0,
                0.0,
                0.0,
                1.0
            ]
        ],
        [
            [
                0.6883339581499176,
                0.2980471391501734,
                -0.6614747415482494,
                1.3930366858285648
            ],
            [
                0.7222175801703067,
                -0.36848134224503354,
                0.5855281091474055,
                -1.2524486878973757
            ],
            [
                -0.06924003956909629,
                -0.8806812162276233,
                -0.4688240179031992,
                1.5273652552235781
            ],
            [
                0.0,
                0.0,
                0.0,
                1.0
            ]
        ],
        [
            [
                0.7411743032251062,
                0.28711900151195213,
                -0.6069710014792111,
                1.2927065248962517
            ],
            [
                0.6678353058195536,
                -0.40899594051940485,
                0.6220490691538825,
                -1.2505573908998442
            ],
            [
                -0.0696628604933492,
                -0.8663155951587314,
                -0.4948117215913575,
                1.5141292172984875
            ],
            [
                0.0,
                0.0,
                0.0,
                1.0
            ]
        ],
        [
            [
                0.7902882816440069,
                0.22551251768417513,
                -0.5699029917383961,
                1.1976499195076793
            ],
            [
                0.6061801297590088,
                -0.42492183966688774,
                0.6724740033420332,
                -1.2677300649473797
            ],
            [
                -0.09052841351253207,
                -0.8768163732938169,
                -0.4724385340527008,
                1.5225040923497961
            ],
            [
                0.0,
                0.0,
                0.0,
                1.0
            ]
        ],
        [
            [
                0.821948770277914,
                0.20344454267534526,
                -0.5321775286028113,
                1.0922843856210547
            ],
            [
                0.5633061406247581,
                -0.4301593404224077,
                0.7056093192867005,
                -1.278619707679491
            ],
            [
                -0.08538541805008704,
                -0.8796543394295303,
                -0.468099310240662,
                1.5158504353297106
            ],
            [
                0.0,
                0.0,
                0.0,
                1.0
            ]
        ],
        [
            [
                0.8785558423890375,
                0.1805512065110964,
                -0.442437486018928,
                1.0102146757195976
            ],
            [
                0.4749780622915528,
                -0.4314378540713726,
                0.7671362270385105,
                -1.2541734934090882
            ],
            [
                -0.05239870648446188,
                -0.8840152950790071,
                -0.464730890844303,
                1.4987858832523937
            ],
            [
                0.0,
                0.0,
                0.0,
                1.0
            ]
        ],
        [
            [
                0.9255540749799718,
                0.13313354093066618,
                -0.35473267786362744,
                0.929213921240533
            ],
            [
                0.3758223716164527,
                -0.441446883152311,
                0.8149386586494034,
                -1.2238811118524002
            ],
            [
                -0.04812384238977647,
                -0.8874774490882258,
                -0.45855225609735023,
                1.4944151225450524
            ],
            [
                0.0,
                0.0,
                0.0,
                1.0
            ]
        ]
    ],
    "trj_gt": [
        [
            [
                -0.9995793154019172,
                -0.014191935117850841,
                -0.025293896462288336,
                -0.6832
            ],
            [
                0.015225986420031567,
                0.4854905164113444,
                -0.8741093340150208,
                2.6909
            ],
            [
                0.024685249809780416,
                -0.8741267342052048,
                -0.4850701918171965,
                1.7372999999999998
            ],
            [
                0.0,
                0.0,
                0.0,
                1.0
            ]
        ],
        [
            [
                -0.9855635920268185,
                0.038710296780542004,
                -0.16482086941391152,
                -0.2003000000000001
            ],
            [
                0.16228684344014524,
                0.49339700731932506,
                -0.8545304989376141,
                2.6946999999999997
            ],
            [
                0.04824299449069353,
                -0.8689424066596685,
                -0.49255629870206186,
                1.7377000000000005
            ],
            [
                0.0,
                0.0,
                0.0,
                1.0
            ]
        ],
        [
            [
                -0.9780028015149967,
                0.050869210215840205,
                -0.20229395364378844,
                0.10080000000000013
            ],
            [
                0.2006191683727073,
                0.49494885538207284,
                -0.8454451962353441,
                2.6981000000000006
            ],
            [
                0.05711803139343927,
                -0.8674318151924063,
                -0.49426670581958665,
                1.6946000000000003
            ],
            [
                0.0,
                0.0,
                0.0,
                1.0
            ]
        ],
        [
            [
                -0.9765944210095333,
                0.06363815583856774,
                -0.20545929517673486,
                0.20429999999999995
            ],
            [
                0.20937266118578235,
                0.50002667395038,
                -0.8403192334381644,
                2.6073
            ],
            [
                0.04925876166772836,
                -0.8636686346392269,
                -0.5016473501767704,
                1.6591
            ],
            [
                0.0,
                0.0,
                0.0,
                1.0
            ]
        ],
        [
            [
                -0.9738230131783421,
                0.09631003342329796,
                -0.20589588744377058,
                0.2756
            ],
            [
                0.22646967842543006,
                0.4887903183694181,
                -0.8424936257457413,
                2.4733
            ],
            [
                0.01949932712010667,
                -0.8670688566257735,
                -0.4978065629454246,
                1.6397999999999997
            ],
            [
                0.0,
