{
    "trj_id": [
        0,
        85,
        107,
        118,
        128
    ],
    "trj_est": [
        [
            [
                -0.9995793154019172,
                -0.014191935117850841,
                -0.025293896462288336,
                -0.6832
            ],
            [
                0.015225986420031567,
                0.4854905164113444,
                -0.8741093340150208,
                2.6909
            ],
            [
                0.024685249809780416,
                -0.8741267342052048,
                -0.4850701918171965,
                1.7372999999999998
            ],
            [
                0.0,
                0.0,
                0.0,
                1.0
            ]
        ],
        [
            [
                -0.9861416991465964,
                0.033610918128909095,
                -0.16246972689706546,
                -0.20514443901982285
            ],
            [
                0.15783197705945962,
                0.4919711351333816,
                -0.8561978417333107,
                2.6952411633125606
            ],
            [
                0.05115365698938193,
                -0.869976554622073,
                -0.49045660627807386,
                1.7383734879728254
            ],
            [
                0.0,
                0.0,
                0.0,
                1.0
            ]
        ],
        [
            [
                -0.9786117152632269,
                0.04580775925782422,
                -0.2005756729330783,
                0.09142330501145529
            ],
            [
                0.19674765796653418,
                0.49352942646328585,
                -0.8471965306194884,
                2.708888024057699
            ],
            [
                0.06018233541075643,
                -0.8685415208615165,
                -0.4919802776185888,
                1.695732957222518
            ],
            [
                0.0,
                0.0,
                0.0,
                1.0
            ]
        ],
        [
            [
                -0.9768929085970645,
                0.05948338241567099,
                -0.20531814679582028,
                0.1986034046508813
            ],
            [
                0.20705540297253483,
                0.5021177491164165,
                -0.8396634514418261,
                2.6155773341970847
            ],
            [
                0.05314828542984122,
                -0.8627734517468232,
                -0.5028278078176528,
                1.6610873128580952
            ],
            [
                0.0,
                0.0,
                0.0,
                1.0
            ]
        ],
        [
            [
                -0.9752500443569316,
                0.08981821556983809,
                -0.2020718215878148,
                0.26745353842191305
            ],
            [
                0.2199835230835065,
                0.487417718817158,
                -0.8450222711751633,
                2.4900540244963136
            ],
            [
                0.02259620981982245,
                -0.8685596603324085,
                -0.4951094477277695,
                1.6406065683268773
            ],
            [
                0.0,
                0.0,
                0.0,
                1.0
            ]
        ]
    ],
    "trj_gt": [
        [
            [
                -0.9995793154019172,
                -0.014191935117850841,
                -0.025293896462288336,
                -0.6832
            ],
            [
                0.015225986420031567,
                0.4854905164113444,
                -0.8741093340150208,
                2.6909
            ],
            [
                0.024685249809780416,
                -0.8741267342052048,
                -0.4850701918171965,
                1.7372999999999998
            ],
            [
                0.0,
                0.0,
                0.0,
                1.0
            ]
        ],
        [
            [
                -0.9855635920268185,
                0.038710296780542004,
                -0.16482086941391152,
                -0.2003000000000001
            ],
            [
                0.16228684344014524,
                0.49339700731932506,
                -0.8545304989376141,
                2.6946999999999997
            ],
            [
                0.04824299449069353,
                -0.8689424066596685,
                -0.49255629870206186,
                1.7377000000000005
            ],
            [
                0.0,
                0.0,
                0.0,
                1.0
            ]
        ],
        [
            [
                -0.9780028015149967,
                0.050869210215840205,
                -0.20229395364378844,
                0.10080000000000013
            ],
            [
                0.2006191683727073,
                0.49494885538207284,
                -0.8454451962353441,
                2.6981000000000006
            ],
            [
                0.05711803139343927,
                -0.8674318151924063,
                -0.49426670581958665,
                1.6946000000000003
            ],
            [
                0.0,
                0.0,
                0.0,
                1.0
            ]
        ],
        [
            [
                -0.9765944210095333,
                0.06363815583856774,
                -0.20545929517673486,
                0.20429999999999995
            ],
            [
                0.20937266118578235,
                0.50002667395038,
                -0.8403192334381644,
                2.6073
            ],
            [
                0.04925876166772836,
                -0.8636686346392269,
                -0.5016473501767704,
                1.6591
            ],
            [
                0.0,
                0.0,
                0.0,
                1.0
            ]
        ],
        [
            [
                -0.9738230131783421,
                0.09631003342329796,
                -0.20589588744377058,
                0.2756
            ],
            [
                0.22646967842543006,
                0.4887903183694181,
                -0.8424936257457413,
                2.4733
            ],
            [
                0.01949932712010667,
                -0.8670688566257735,
                -0.4978065629454246,
                1.6397999999999997
            ],
            [
                0.0,
                0.0,
                0.0,
                1.0
            ]
        ]
    ]
}