{
    "trj_id": [
        0,
        85,
        107,
        118,
        128,
        141,
        150,
        157,
        168,
        175
    ],
    "trj_est": [
        [
            [
                -0.9995793154019172,
                -0.014191935117850841,
                -0.025293896462288336,
                -0.6832
            ],
            [
                0.015225986420031567,
                0.4854905164113444,
                -0.8741093340150208,
                2.6909
            ],
            [
                0.024685249809780416,
                -0.8741267342052048,
                -0.4850701918171965,
                1.7372999999999998
            ],
            [
                0.0,
                0.0,
                0.0,
                1.0
            ]
        ],
        [
            [
                -0.9861459239569068,
                0.03357176957052009,
                -0.16245234948846934,
                -0.2052347042976278
            ],
            [
                0.15779759038570668,
                0.4919731478829387,
                -0.8562030177733113,
                2.6950142983408134
            ],
            [
                0.0511787739460732,
                -0.8699767065061753,
                -0.4904533321607827,
                1.7382317955639013
            ],
            [
                0.0,
                0.0,
                0.0,
                1.0
            ]
        ],
        [
            [
                -0.9785568219844026,
                0.04612689239335403,
                -0.20077004080714583,
                0.09181988975891586
            ],
            [
                0.19708133392296323,
                0.49340308104672476,
                -0.8471927589262525,
                2.707995670798189
            ],
            [
                0.0599827470917398,
                -0.8685964573245711,
                -0.4919078826594473,
                1.6952728727318565
            ],
            [
                0.0,
                0.0,
                0.0,
                1.0
            ]
        ],
        [
            [
                -0.9767275116844187,
                0.06001470909155416,
                -0.20594799485837495,
                0.19990345352067268
            ],
            [
                0.20787409390546518,
                0.5019376044016691,
                -0.8395692705881743,
                2.6133143821274665
            ],
            [
                0.05298698051362497,
                -0.8628423755834892,
                -0.5027283183965439,
                1.6600314936528189
            ],
            [
                0.0,
                0.0,
                0.0,
                1.0
            ]
        ],
        [
            [
                -0.9750254194070936,
                0.09043833660751778,
                -0.20288070872956712,
                0.26888986315111796
            ],
            [
                0.2209849542677079,
                0.48764749789362866,
                -0.8446278876387215,
                2.4866824368094136
            ],
            [
                0.022548928143939172,
                -0.8683666218020566,
                -0.49545096060088706,
                1.6402188997769136
            ],
            [
                0.0,
                0.0,
                0.0,
                1.0
            ]
        ],
        [
            [
                -0.9561110913581504,
                0.10281453335705536,
                -0.274403500281426,
                0.3201691590036632
            ],
            [
                0.2888113209508891,
                0.4891539228689526,
                -0.8230132990411346,
                2.3217395841778394
            ],
            [
                0.04960868201835373,
                -0.8661386793681479,
                -0.4973771299352537,
                1.6363019993399885
            ],
            [
                0.0,
                0.0,
                0.0,
                1.0
            ]
        ],
        [
            [
                -0.9404500828797713,
                0.12815116139588764,
                -0.3148843556557604,
                0.363153852375057
            ],
            [
                0.337636520005122,
                0.4604499390902307,
                -0.8209904968947905,
                2.202282314419347
            ],
            [
                0.03977863920788695,
                -0.8784101927895073,
                -0.47629456670965997,
                1.627304593379659
            ],
            [
                0.0,
                0.0,
                0.0,
                1.0
            ]
        ],
        [
            [
                -0.9230171399066143,
                0.148691831380787,
                -0.3548978733119013,
                0.401158372138694
            ],
            [
                0.3835943134335465,
                0.4284157241825072,
                -0.8181408562855821,
                2.1210826622283885
            ],
            [
                0.03039407275433597,
                -0.8912884791828279,
                -0.45246719603152713,
                1.627348004301125
            ],
            [
                0.0,
                0.0,
                0.0,
                1.0
            ]
        ],
        [
            [
                -0.8892673484038927,
                0.17661870016229184,
                -0.4219408589065578,
                0.435539819490004
            ],
            [
                0.4563428110128483,
                0.4059684122930491,
                -0.7918230134712534,
                1.9766189065353885
            ],
            [
                0.031445212964130366,
                -0.8966848773723054,
                -0.44160707149358047,
                1.6279287168330372
            ],
            [
                0.0,
                0.0,
                0.0,
                1.0
            ]
        ],
        [
            [
                -0.8667474193861792,
                0.1883389225375906,
                -0.4618478743420646,
                0.447700470611736
            ],
            [
                0.4969315702616286,
                0.40581124957971537,
                -0.7670863167838098,
                1.8703987684480834
            ],
            [
                0.042952241166378226,
                -0.8943668168417198,
                -0.4453213800718046,
                1.6239142642419635
            ],
            [
                0.0,
                0.0,
                0.0,
                1.0
            ]
        ]
    ],
    "trj_gt": [
        [
            [
                -0.9995793154019172,
                -0.014191935117850841,
                -0.025293896462288336,
                -0.6832
            ],
            [
                0.015225986420031567,
                0.4854905164113444,
                -0.8741093340150208,
                2.6909
            ],
            [
                0.024685249809780416,
                -0.8741267342052048,
                -0.4850701918171965,
                1.7372999999999998
            ],
            [
                0.0,
                0.0,
                0.0,
                1.0
            ]
        ],
        [
            [
                -0.9855635920268185,
                0.038710296780542004,
                -0.16482086941391152,
                -0.2003000000000001
            ],
            [
                0.16228684344014524,
                0.49339700731932506,
                -0.8545304989376141,
                2.6946999999999997
            ],
            [
                0.04824299449069353,
                -0.8689424066596685,
                -0.49255629870206186,
                1.7377000000000005
            ],
            [
                0.0,
                0.0,
                0.0,
                1.0
            ]
        ],
        [
            [
                -0.9780028015149967,
                0.050869210215840205,
                -0.20229395364378844,
                0.10080000000000013
            ],
            [
                0.2006191683727073,
                0.49494885538207284,
                -0.8454451962353441,
                2.6981000000000006
            ],
            [
                0.05711803139343927,
                -0.8674318151924063,
                -0.49426670581958665,
                1.6946000000000003
            ],
            [
                0.0,
                0.0,
                0.0,
                1.0
            ]
        ],
        [
            [
                -0.9765944210095333,
                0.06363815583856774,
                -0.20545929517673486,
                0.20429999999999995
            ],
            [
                0.20937266118578235,
                0.50002667395038,
                -0.8403192334381644,
                2.6073
            ],
            [
                0.04925876166772836,
                -0.8636686346392269,
                -0.5016473501767704,
                1.6591
            ],
            [
                0.0,
                0.0,
                0.0,
                1.0
            ]
        ],
        [
            [
                -0.9738230131783421,
                0.09631003342329796,
                -0.20589588744377058,
                0.2756
            ],
            [
                0.22646967842543006,
                0.4887903183694181,
                -0.8424936257457413,
                2.4733
            ],
            [
                0.01949932712010667,
                -0.8670688566257735,
                -0.4978065629454246,
                1.6397999999999997
            ],
            [
                0.0,
                0.0,
                0.0,
                1.0
            ]
        ],
        [
            [
                -0.9550619558157069,
                0.1085400842224448,
                -0.27581825659383247,
                0.32649999999999996
            ],
            [
                0.2928694486104505,
                0.4888799656458923,
                -0.8217200650225609,
                2.3139000000000007
            ],
            [
                0.04565245474328111,
                -0.8655723131587886,
                -0.4986987307672407,
                1.6365000000000003
            ],
            [
                0.0,
                0.0,
                0.0,
                1.0
            ]
        ],
        [
            [
                -0.9395433518258135,
                0.13437704360056527,
                -0.3149620615139032,
                0.3698999999999998
            ],
            [
                0.3406507487171496,
                0.46042287361095646,
                -0.8197364484114847,
                2.1973999999999996
            ],
            [
                0.03486197697149959,
                -0.8774699924265222,
                -0.47836289044264085,
                1.6283
            ],
            [
                0.0,
                0.0,
                0.0,
                1.0
            ]
        ],
        [
            [
                -0.921869681228299,
                0.15466335102647213,
                -0.3552964096093511,
                0.4083999999999999
            ],
            [
                0.3866342174676072,
                0.42838422780764956,
                -0.8167012521411086,
                2.1148999999999996
            ],
            [
                0.025889625629672598,
                -0.8902618722684388,
                -0.4547125752273067,
                1.6308000000000002
            ],
            [
                0.0,
                0.0,
                0.0,
                1.0
            ]
        ],
        [
            [
                -0.8870203540467393,
                0.18334414194023868,
                -0.4237685891179232,
                0.44429999999999986
            ],
            [
                0.4609253284257555,
                0.40577567136479953,
                -0.7892363056423948,
                1.9646999999999994
            ],
            [
                0.02725313050655036,
                -0.8953943433731554,
                -0.44443923851630085,
                1.6375
            ],
            [
                0.0,
                0.0,
                0.0,
                1.0
            ]
        ],
        [
            [
                -0.8644484766542335,
                0.1973638435251956,
                -0.46235954027048876,
                0.4561999999999999
            ],
            [
                0.5013506516237138,
                0.406321156790379,
                -0.7639048642736908,
                1.8617999999999995
            ],
            [
                0.03709926315512445,
                -0.8921606530292011,
                -0.4501921965781468,
                1.6325999999999998
            ],
            [
                0.0,
                0.0,
                0.0,
                1.0
            ]
        ]
    ]
}