{
    "trj_id": [
        0,
        85,
        107,
        118,
        128,
        141,
        150,
        157,
        168,
        175,
        182,
        190,
        197,
        205,
        212,
        219,
        227,
        240,
        249,
        258,
        266,
        274,
        284,
        294,
        305
    ],
    "trj_est": [
        [
            [
                -0.9995793154019172,
                -0.014191935117850841,
                -0.025293896462288336,
                -0.6832
            ],
            [
                0.015225986420031567,
                0.4854905164113444,
                -0.8741093340150208,
                2.6909
            ],
            [
                0.024685249809780416,
                -0.8741267342052048,
                -0.4850701918171965,
                1.7372999999999998
            ],
            [
                0.0,
                0.0,
                0.0,
                1.0
            ]
        ],
        [
            [
                -0.9861459239569068,
                0.03357176957052009,
                -0.16245234948846934,
                -0.2052347042976278
            ],
            [
                0.15779759038570668,
                0.4919731478829387,
                -0.8562030177733113,
                2.6950142983408134
            ],
            [
                0.0511787739460732,
                -0.8699767065061753,
                -0.4904533321607827,
                1.7382317955639013
            ],
            [
                0.0,
                0.0,
                0.0,
                1.0
            ]
        ],
        [
            [
                -0.9785568219844026,
                0.04612689239335403,
                -0.20077004080714583,
                0.09181988975891586
            ],
            [
                0.19708133392296323,
                0.49340308104672476,
                -0.8471927589262525,
                2.707995670798189
            ],
            [
                0.0599827470917398,
                -0.8685964573245711,
                -0.4919078826594473,
                1.6952728727318565
            ],
            [
                0.0,
                0.0,
                0.0,
                1.0
            ]
        ],
        [
            [
                -0.9767275116844187,
                0.06001470909155416,
                -0.20594799485837495,
                0.19990345352067268
            ],
            [
                0.20787409390546518,
                0.5019376044016691,
                -0.8395692705881743,
                2.6133143821274665
            ],
            [
                0.05298698051362497,
                -0.8628423755834892,
                -0.5027283183965439,
                1.6600314936528189
            ],
            [
                0.0,
                0.0,
                0.0,
                1.0
            ]
        ],
        [
            [
                -0.9750254194070936,
                0.09043833660751778,
                -0.20288070872956712,
                0.26888986315111796
            ],
            [
                0.2209849542677079,
                0.48764749789362866,
                -0.8446278876387215,
                2.4866824368094136
            ],
            [
                0.022548928143939172,
                -0.8683666218020566,
                -0.49545096060088706,
                1.6402188997769136
            ],
            [
                0.0,
                0.0,
                0.0,
                1.0
            ]
        ],
        [
            [
                -0.9561110913581504,
                0.10281453335705536,
                -0.274403500281426,
                0.3201691590036632
            ],
            [
                0.2888113209508891,
                0.4891539228689526,
                -0.8230132990411346,
                2.3217395841778394
            ],
            [
                0.04960868201835373,
                -0.8661386793681479,
                -0.4973771299352537,
                1.6363019993399885
            ],
            [
                0.0,
                0.0,
                0.0,
                1.0
            ]
        ],
        [
            [
                -0.9404976927706596,
                0.12816757329755651,
                -0.3147357341040268,
                0.36319157022148413
            ],
            [
                0.3375151216134572,
                0.4604381412477227,
                -0.8210468096438627,
                2.20248354016456
            ],
            [
                0.03968585664730054,
                -0.8784137735385629,
                -0.4762953766102307,
                1.627317691464007
            ],
            [
                0.0,
                0.0,
                0.0,
                1.0
            ]
        ],
        [
            [
                -0.923106327082086,
                0.1487456572336139,
                -0.35464326734404755,
                0.4008758920513479
            ],
            [
                0.38338868759784206,
                0.42853865097539773,
                -0.8181727954284443,
                2.1209623885122686
            ],
            [
                0.030279847571527903,
                -0.8912205203886279,
                -0.4526090845276575,
                1.627680636468229
            ],
            [
                0.0,
                0.0,
                0.0,
                1.0
            ]
        ],
        [
            [
                -0.8890753639234524,
                0.17637347483848512,
                -0.42244730414345305,
                0.4365408410734295
            ],
            [
                0.4566785811363956,
                0.4061797424262394,
                -0.791521028277861,
                1.9756319844914703
            ],
            [
                0.03198747797016118,
                -0.8966377669555112,
                -0.44166430666403284,
                1.6277952479446696
            ],
            [
                0.0,
                0.0,
                0.0,
                1.0
            ]
        ],
        [
            [
                -0.8666365794673425,
                0.18842603125338425,
                -0.46202064683948013,
                0.4477743150526219
            ],
            [
                0.49712208149120407,
                0.40583700020884195,
                -0.7669496375532316,
                1.8696977019142123
            ],
            [
                0.04299359263957386,
                -0.8943369407542286,
                -0.44537776957103087,
                1.6240544690323702
            ],
            [
                0.0,
                0.0,
                0.0,
                1.0
            ]
        ],
        [
            [
                -0.8425941796885045,
                0.24637258007184734,
                -0.4789177772433979,
                0.45905396648276187
            ],
            [
                0.5385531560735729,
                0.39565338941373707,
                -0.7439558215510648,
                1.7633550762961385
            ],
            [
                0.0061966592108110745,
                -0.8847645014694097,
                -0.4660528674154486,
                1.606703358458713
            ],
            [
                0.0,
                0.0,
                0.0,
                1.0
            ]
        ],
        [
            [
                -0.8163997889405632,
                0.2637829160224639,
                -0.5137555713386501,
                0.46628050668255683
            ],
            [
                0.5770663780334699,
                0.4083006540277498,
                -0.707347373259445,
                1.6695299516014581
            ],
            [
                0.023182607484301815,
                -0.8739333494462155,
                -0.4855461849403687,
                1.5968710384115523
            ],
            [
                0.0,
                0.0,
                0.0,
                1.0
            ]
        ],
        [
            [
                -0.7765675594888887,
                0.2481837290327547,
                -0.5791267592587512,
                0.4848324181697298
            ],
            [
                0.6267457705025936,
                0.3986990825135093,
                -0.6695413550342673,
                1.5917043418837669
            ],
            [
                0.06472889427224238,
                -0.8828905450805447,
                -0.4651525679803065,
                1.5822264375415285
            ],
            [
                0.0,
                0.0,
                0.0,
                1.0
            ]
        ],
        [
            [
                -0.7307859203195076,
                0.26353281933145883,
                -0.6297212535816217,
                0.5221084889177164
            ],
            [
                0.6810648136446914,
                0.3443465432996523,
                -0.6462478202249244,
                1.524215873775361
            ],
            [
                0.046536802695812965,
                -0.9011257368896779,
                -0.4311134325359545,
                1.5330017719684776
            ],
            [
                0.0,
                0.0,
                0.0,
                1.0
            ]
        ],
        [
            [
                -0.7170020308462914,
                0.2914039186940319,
                -0.6332788277069847,
                0.5541117631036183
            ],
            [
                0.6969763071526031,
                0.31798549992940983,
                -0.6427844867978361,
                1.4502526522601953
            ],
            [
                0.01406708514531405,
                -0.9022318622940576,
                -0.43108418777231033,
                1.502544257270549
            ],
            [
                0.0,
                0.0,
                0.0,
                1.0
            ]
        ],
        [
            [
                -0.7166498349426906,
                0.24513887752720928,
                -0.6529731933977061,
                0.5855009785804414
            ],
            [
                0.6961605168830434,
                0.30901788176940986,
                -0.6480248235492574,
                1.3912668883245707
            ],
            [
                0.042927015127114956,
                -0.918951395805738,
                -0.39209968866394573,
                1.482534574541297
            ],
            [
                0.0,
                0.0,
                0.0,
                1.0
            ]
        ],
        [
            [
                -0.7014389738203246,
                0.28292083146876484,
                -0.6542146564882338,
                0.602973877688086
            ],
            [
                0.7126247280200662,
                0.2974834506643834,
                -0.6354056351519565,
                1.3334021417128858
            ],
            [
                0.014852609972571445,
                -0.9118770016838493,
                -0.4102655783558263,
                1.4544302952390973
            ],
            [
                0.0,
                0.0,
                0.0,
                1.0
            ]
        ],
        [
            [
                -0.6679377883841562,
                0.31064219509520485,
                -0.6763306298714787,
                0.6602751798395927
            ],
            [
                0.744033741288498,
                0.30139505517624543,
                -0.5963638702927428,
                1.2827439236292066
            ],
            [
                0.01859139277698767,
                -0.9015144872698412,
                -0.43242219236914253,
                1.4406891468890306
            ],
            [
                0.0,
                0.0,
                0.0,
                1.0
            ]
        ],
        [
            [
                -0.6517985145320006,
                0.32469902380027504,
                -0.6854178422146399,
                0.7602686623831946
            ],
            [
                0.7584448538566517,
                0.2805819930536207,
                -0.5883177022203021,
                1.2351211814581131
            ],
            [
                0.0012946764121945322,
                -0.9032800574237209,
                -0.4291266826642142,
                1.4591214276636488
            ],
            [
                0.0,
                0.0,
                0.0,
                1.0
            ]
        ],
        [
            [
                -0.6715063084871175,
                0.2908439203146059,
                -0.6815870287600644,
                0.844899088071202
            ],
            [
                0.7395035126716454,
                0.3224982310593426,
                -0.59094440393202,
                1.2035565218779536
            ],
            [
                0.04794306324032498,
                -0.9008229985992083,
                -0.43161504087485614,
                1.4870327830997827
            ],
            [
                0.0,
                0.0,
                0.0,
                1.0
            ]
        ],
        [
            [
                -0.6517863452380704,
                0.28497964727302527,
                -0.7028775941827801,
                0.9106600857409496
            ],
            [
                0.7548194608111474,
                0.33442078191251645,
                -0.5643580946021208,
                1.1850526559256007
            ],
            [
                0.07423103997269338,
                -0.8983495379298394,
                -0.43305135301397674,
                1.503701591840545
            ],
            [
                0.0,
                0.0,
                0.0,
                1.0
            ]
        ],
        [
            [
                -0.6363795443363198,
                0.2848153953724372,
                -0.7169253716751537,
                1.0047151642671523
            ],
            [
                0.7680485921081375,
                0.3209540951065002,
                -0.5542456269517392,
                1.1658408755658034
            ],
            [
                0.07224745381702061,
                -0.9033023589572884,
                -0.4229713223553021,
                1.5157850533123969
            ],
            [
                0.0,
                0.0,
                0.0,
                1.0
            ]
        ],
        [
            [
                -0.6399638910617389,
                0.28791817353236465,
                -0.7124861768248296,
                1.126162733042191
            ],
            [
                0.7664880075344501,
                0.30575451321208097,
                -0.5649049822808833,
                1.1485557927671315
            ],
            [
                0.05520651382836851,
                -0.9075840383274104,
                -0.41632680385483006,
                1.5267433051415142
            ],
            [
                0.0,
                0.0,
                0.0,
                1.0
            ]
        ],
        [
            [
                -0.618065246921584,
                0.32422526175539224,
                -0.7162155331664488,
                1.2129866181670377
            ],
            [
                0.7856361282384028,
                0.28914791854300825,
                -0.5470687023168344,
                1.1238818868303442
            ],
            [
                0.02972764205357954,
                -0.9007599110955896,
                -0.4334016659780339,
                1.5247862025274865
            ],
            [
                0.0,
                0.0,
                0.0,
                1.0
            ]
        ],
        [
            [
                -0.5750982304267602,
                0.3396809635221435,
                -0.7442931490292611,
                1.280898645772048
            ],
            [
                0.8176340395004854,
                0.27118633629028716,
                -0.5079924977131605,
                1.0707626019488947
            ],
            [
                0.029294877223069005,
                -0.9006526966929943,
                -0.43365655347013693,
                1.5328763837270645
            ],
            [
                0.0,
                0.0,
                0.0,
                1.0
            ]
        ]
    ],
    "trj_gt": [
        [
            [
                -0.9995793154019172,
                -0.014191935117850841,
                -0.025293896462288336,
                -0.6832
            ],
            [
                0.015225986420031567,
                0.4854905164113444,
                -0.8741093340150208,
                2.6909
            ],
            [
                0.024685249809780416,
                -0.8741267342052048,
                -0.4850701918171965,
                1.7372999999999998
            ],
            [
                0.0,
                0.0,
                0.0,
                1.0
            ]
        ],
        [
            [
                -0.9855635920268185,
                0.038710296780542004,
                -0.16482086941391152,
                -0.2003000000000001
            ],
            [
                0.16228684344014524,
                0.49339700731932506,
                -0.8545304989376141,
                2.6946999999999997
            ],
            [
                0.04824299449069353,
                -0.8689424066596685,
                -0.49255629870206186,
                1.7377000000000005
            ],
            [
                0.0,
                0.0,
                0.0,
                1.0
            ]
        ],
        [
            [
                -0.9780028015149967,
                0.050869210215840205,
                -0.20229395364378844,
                0.10080000000000013
            ],
            [
                0.2006191683727073,
                0.49494885538207284,
                -0.8454451962353441,
                2.6981000000000006
            ],
            [
                0.05711803139343927,
                -0.8674318151924063,
                -0.49426670581958665,
                1.6946000000000003
            ],
            [
                0.0,
                0.0,
                0.0,
                1.0
            ]
        ],
        [
            [
                -0.9765944210095333,
                0.06363815583856774,
                -0.20545929517673486,
                0.20429999999999995
            ],
            [
                0.20937266118578235,
                0.50002667395038,
                -0.8403192334381644,
                2.6073
            ],
            [
                0.04925876166772836,
                -0.8636686346392269,
                -0.5016473501767704,
                1.6591
            ],
            [
                0.0,
                0.0,
                0.0,
                1.0
            ]
        ],
        [
            [
                -0.9738230131783421,
                0.09631003342329796,
                -0.20589588744377058,
                0.2756
            ],
            [
                0.22646967842543006,
                0.4887903183694181,
                -0.8424936257457413,
                2.4733
            ],
            [
                0.01949932712010667,
                -0.8670688566257735,
                -0.4978065629454246,
                1.6397999999999997
            ],
            [
                0.0,
                0.0,
                0.0,
                1.0
            ]
        ],
        [
            [
                -0.9550619558157069,
                0.1085400842224448,
                -0.27581825659383247,
                0.32649999999999996
            ],
            [
                0.2928694486104505,
                0.4888799656458923,
                -0.8217200650225609,
                2.3139000000000007
            ],
            [
                0.04565245474328111,
                -0.8655723131587886,
                -0.4986987307672407,
                1.6365000000000003
            ],
            [
                0.0,
                0.0,
                0.0,
                1.0
            ]
        ],
        [
            [
                -0.9395433518258135,
                0.13437704360056527,
                -0.3149620615139032,
                0.3698999999999998
            ],
            [
                0.3406507487171496,
                0.46042287361095646,
                -0.8197364484114847,
                2.1973999999999996
            ],
            [
                0.03486197697149959,
                -0.8774699924265222,
                -0.47836289044264085,
                1.6283
            ],
            [
                0.0,
                0.0,
                0.0,
                1.0
            ]
        ],
        [
            [
                -0.921869681228299,
                0.15466335102647213,
                -0.3552964096093511,
                0.4083999999999999
            ],
            [
                0.3866342174676072,
                0.42838422780764956,
                -0.8167012521411086,
                2.1148999999999996
            ],
            [
                0.025889625629672598,
                -0.8902618722684388,
                -0.4547125752273067,
                1.6308000000000002
            ],
            [
                0.0,
                0.0,
                0.0,
                1.0
            ]
        ],
        [
            [
                -0.8870203540467393,
                0.18334414194023868,
                -0.4237685891179232,
                0.44429999999999986
            ],
            [
                0.4609253284257555,
                0.40577567136479953,
                -0.7892363056423948,
                1.9646999999999994
            ],
            [
                0.02725313050655036,
                -0.8953943433731554,
                -0.44443923851630085,
                1.6375
            ],
            [
                0.0,
                0.0,
                0.0,
                1.0
            ]
        ],
        [
            [
                -0.8644484766542335,
                0.1973638435251956,
                -0.46235954027048876,
                0.4561999999999999
            ],
            [
                0.5013506516237138,
                0.406321156790379,
                -0.7639048642736908,
                1.8617999999999995
            ],
            [
                0.03709926315512445,
                -0.8921606530292011,
                -0.4501921965781468,
                1.6325999999999998
            ],
            [
                0.0,
                0.0,
                0.0,
                1.0
            ]
        ],
        [
            [
                -0.8396806264965465,
                0.2540664693039247,
                -0.4799861192386756,
                0.46800000000000036
            ],
            [
                0.5430516088217948,
                0.4019211559237592,
                -0.7372613746677426,
                1.7482000000000002
            ],
            [
                0.0056031814557764,
                -0.8797213272374081,
                -0.47545661291144736,
                1.6222999999999999
            ],
            [
                0.0,
                0.0,
                0.0,
                1.0
            ]
        ],
        [
            [
                -0.8144278776010594,
                0.2677618970299497,
                -0.5147919955527249,
                0.47790000000000005
            ],
            [
                0.5798611128471267,
                0.4086410402243251,
                -0.7048216725187113,
                1.6547
            ],
            [
                0.02164074846038978,
                -0.872534278262639,
                -0.48807336668043083,
                1.6084
            ],
            [
                0.0,
                0.0,
                0.0,
                1.0
            ]
        ],
        [
            [
                -0.7730590589516626,
                0.25621309513080043,
                -0.580288325969311,
                0.4984000000000002
            ],
            [
                0.6318501239724782,
                0.3918998033713808,
                -0.6687151598053068,
                1.5851
            ],
            [
                0.05608129999147528,
                -0.883611562849292,
                -0.4648499691193898,
                1.5905
            ],
            [
                0.0,
                0.0,
                0.0,
                1.0
            ]
        ],
        [
            [
                -0.7292687780275223,
                0.2728534490189329,
                -0.6274695568334105,
                0.5336000000000001
            ],
            [
                0.6825745032367582,
                0.3538153028897336,
                -0.6394581917312022,
                1.5075000000000003
            ],
            [
                0.047529958187831386,
                -0.8946316151352569,
                -0.44426926100636766,
                1.5511000000000001
            ],
            [
                0.0,
                0.0,
                0.0,
                1.0
            ]
        ],
        [
            [
                -0.7179124545080471,
                0.3002171326838764,
                -0.6280695669313258,
                0.5658999999999996
            ],
            [
                0.6959803255902355,
                0.32846102010765127,
                -0.6385332760797601,
                1.4385
            ],
            [
                0.01459774138492652,
                -0.8955350532016673,
                -0.44475147490879235,
                1.5203000000000002
            ],
            [
                0.0,
                0.0,
                0.0,
                1.0
            ]
        ],
        [
            [
                -0.7162029829127907,
                0.2563650914379019,
                -0.6490995510388653,
                0.5977000000000001
            ],
            [
                0.6964961546026343,
                0.3213615831211649,
                -0.641576059027768,
                1.3731000000000002
            ],
            [
                0.04411795428806459,
                -0.9115940284939862,
                -0.40871742478580647,
                1.4996999999999996
            ],
            [
                0.0,
                0.0,
                0.0,
                1.0
            ]
        ],
        [
            [
                -0.6983613132750833,
                0.2902524014015741,
                -0.6542514956813782,
                0.6148999999999997
            ],
            [
                0.7155079142412338,
                0.3066540293058207,
                -0.6277035374829935,
                1.3183
            ],
            [
                0.018436398207352458,
                -0.9064859898482296,
                -0.4218332009574586,
                1.4713000000000003
            ],
            [
                0.0,
                0.0,
                0.0,
                1.0
            ]
        ],
        [
            [
                -0.6630360246049033,
                0.3199423849057958,
                -0.676771823007517,
                0.6755999999999999
            ],
            [
                0.7483889436086987,
                0.3041236857199177,
                -0.5894257992897739,
                1.2646
            ],
            [
                0.017240045254658738,
                -0.8972990884453882,
                -0.4410863030232215,
                1.4547
            ],
            [
                0.0,
                0.0,
                0.0,
                1.0
            ]
        ],
        [
            [
                -0.6514521859691771,
                0.3343675003816984,
                -0.6810348185551709,
                0.7715
            ],
            [
                0.7586846025583637,
                0.29039224106597217,
                -0.5831552281936089,
                1.2205
            ],
            [
                0.0027790712185777155,
                -0.8965883788100183,
                -0.44285613436643795,
                1.4779000000000002
            ],
            [
                0.0,
                0.0,
                0.0,
                1.0
            ]
        ],
        [
            [
                -0.6712779168177214,
                0.2996184566149538,
                -0.6779489205305465,
                0.8562000000000001
            ],
            [
                0.7395469503581562,
                0.33190272148813027,
                -0.5855859387696424,
                1.1872999999999998
            ],
            [
                0.04956073656444948,
                -0.894465965772005,
                -0.44438088332729114,
                1.5049000000000001
            ],
            [
                0.0,
                0.0,
                0.0,
                1.0
            ]
        ],
        [
            [
                -0.6497541494496869,
                0.2931000256161309,
                -0.701364327761782,
                0.9240000000000002
            ],
            [
                0.7565470727487019,
                0.33900808695846923,
                -0.5592048316065673,
                1.1665
            ],
            [
                0.07386522854688524,
                -0.8939607888272181,
                -0.4420158776007188,
                1.5198
            ],
            [
                0.0,
                0.0,
                0.0,
                1.0
            ]
        ],
        [
            [
                -0.6357991437523024,
                0.2920125512705973,
                -0.7144845125713195,
                1.0189000000000001
            ],
            [
                0.7682769093527101,
                0.3284467261663882,
                -0.5494300124911538,
                1.1478
            ],
            [
                0.07422963935845964,
                -0.8982490845923631,
                -0.43317264764721064,
                1.5327999999999997
            ],
            [
                0.0,
                0.0,
                0.0,
                1.0
            ]
        ],
        [
            [
                -0.639199753707599,
                0.29770922965971347,
                -0.7090789021227218,
                1.1382000000000003
            ],
            [
                0.7669488558748931,
                0.31473341682753725,
                -0.5592247569665133,
                1.1245
            ],
            [
                0.05668445406226201,
                -0.9012835796282342,
                -0.429505275590626,
                1.5439
            ],
            [
                0.0,
                0.0,
                0.0,
                1.0
            ]
        ],
        [
            [
                -0.6161074430907929,
                0.33489040783337864,
                -0.7129235816757074,
                1.2237000000000002
            ],
            [
                0.7870696829299356,
                0.29685193068054133,
                -0.5407404603539535,
                1.0983
            ],
            [
                0.030543948348175733,
                -0.8942747597871855,
                -0.4464747710978478,
                1.5421000000000002
            ],
            [
                0.0,
                0.0,
                0.0,
                1.0
            ]
        ],
        [
            [
                -0.5728338473521395,
                0.3490531539094954,
                -0.7416355432917036,
                1.2966000000000004
            ],
            [
                0.8191409293518013,
                0.27633062021602633,
                -0.5026425431573549,
                1.0497
            ],
            [
                0.029487644673881597,
                -0.8954346900119854,
                -0.4442152572061506,
                1.5482
            ],
            [
                0.0,
                0.0,
                0.0,
                1.0
            ]
        ]
    ]
}