{
    "trj_id": [
        0,
        248,
        263,
        374,
        398,
        420,
        470,
        513,
        532,
        549,
        575,
        602,
        620,
        641,
        665,
        685,
        706,
        724,
        742,
        761,
        776,
        790,
        802,
        819,
        842,
        853,
        865,
        876,
        889,
        900,
        911,
        920,
        928,
        936,
        944
    ],
    "trj_est": [
        [
            [
                -0.9999229430950869,
                -0.0005286588459600664,
                -0.012405907711463842,
                0.23534228057555753
            ],
            [
                0.011069159369720976,
                -0.49067039020211445,
                -0.8712747004526623,
                1.3377414965179857
            ],
            [
                -0.0056266254280600185,
                -0.8713445545486082,
                0.49063858007025984,
                -0.6233133621473551
            ],
            [
                0.0,
                0.0,
                0.0,
                1.0
            ]
        ],
        [
            [
                -0.9980248262938902,
                -0.06116963127613296,
                0.014507688233353152,
                0.2360079710495587
            ],
            [
                0.019429899420420085,
                -0.5197633558133707,
                -0.8541396396909057,
                1.3547838094742948
            ],
            [
                0.05979471604404626,
                -0.8521798626464788,
                0.519920476033577,
                -0.6088928480575541
            ],
            [
                0.0,
                0.0,
                0.0,
                1.0
            ]
        ],
        [
            [
                -0.9952806591202121,
                -0.09127593958874097,
                0.03317708320400686,
                0.2355175645195518
            ],
            [
                0.0218913892366356,
                -0.5437714425209942,
                -0.8390071382921638,
                1.3704583353528792
            ],
            [
                0.09462716279483595,
                -0.8343300211337507,
                0.543195348423021,
                -0.5945578737870812
            ],
            [
                0.0,
                0.0,
                0.0,
                1.0
            ]
        ],
        [
            [
                -0.9980028117040393,
                -0.05619314886636879,
                0.0294938826282005,
                0.25407672673147336
            ],
            [
                0.007460474630952397,
                -0.5655661687671572,
                -0.8247657817717842,
                1.2862223985270482
            ],
            [
                0.0630280720811223,
                -0.8229063802528144,
                0.5648279690625967,
                -0.5610310974376597
            ],
            [
                0.0,
                0.0,
                0.0,
                1.0
            ]
        ],
        [
            [
                -0.9985380756192087,
                -0.047475444620630414,
                0.026702803563392875,
                0.25778357162660426
            ],
            [
                0.004857831612256938,
                -0.566095786941359,
                -0.824425889595711,
                1.2517338764229786
            ],
            [
                0.054257959653587484,
                -0.8230996290418482,
                0.5654672182233335,
                -0.5646052136011074
            ],
            [
                0.0,
                0.0,
                0.0,
                1.0
            ]
        ],
        [
            [
                -0.9991743873926334,
                -0.03453689657124686,
                0.022565290284775025,
                0.25618296363847004
            ],
            [
                0.0009757941607239472,
                -0.5668503653673084,
                -0.8239243442960222,
                1.2180560254101298
            ],
            [
                0.04124841974240239,
                -0.8232322142054472,
                0.5663816045351394,
                -0.5651671478158721
            ],
            [
                0.0,
                0.0,
                0.0,
                1.0
            ]
        ],
        [
            [
                -0.9997896533249524,
                0.0011580171245816032,
                0.02184062466251553,
                0.20937805658537284
            ],
            [
                -0.01867823468874597,
                -0.5657375271179347,
                -0.824494199335195,
                1.1859163612087216
            ],
            [
                0.011402794068420593,
                -0.8247356475721661,
                0.5656048791068118,
                -0.5453846230731865
            ],
            [
                0.0,
                0.0,
                0.0,
                1.0
            ]
        ],
        [
            [
                -0.9946647699684752,
                0.044221689965515155,
                0.09355348371362439,
                0.16213859035945286
            ],
            [
                -0.10282442571124621,
                -0.5254249621070511,
                -0.8447346161903403,
                1.1935854599430247
            ],
            [
                0.011798141697243069,
                -0.8498479250470649,
                0.5271313302077303,
                -0.5311901770539798
            ],
            [
                0.0,
                0.0,
                0.0,
                1.0
            ]
        ],
        [
            [
                -0.9847565474476155,
                0.0529236034362123,
                0.16589661939872424,
                0.14007243163330252
            ],
            [
                -0.17068279232142608,
                -0.4828035447803492,
                -0.8590678896753612,
                1.2003776434118347
            ],
            [
                0.034625146608377025,
                -0.8742851844008008,
                0.48444124331102667,
                -0.5253765616427688
            ],
            [
                0.0,
                0.0,
                0.0,
                1.0
            ]
        ],
        [
            [
                -0.9728335744680263,
                0.0561562402594305,
                0.224753013043859,
                0.11546497553958618
            ],
            [
                -0.22602526178655613,
                -0.4434093823494982,
                -0.8674906344799731,
                1.2076526114057808
            ],
            [
                0.05093504666186467,
                -0.8947164152638883,
                0.4440194511949383,
                -0.5182878489192053
            ],
            [
                0.0,
                0.0,
                0.0,
                1.0
            ]
        ],
        [
            [
                -0.9667220128188079,
                0.06373409409453888,
                0.2479278839272722,
                0.07999788651745873
            ],
            [
                -0.25158240173808727,
                -0.41619663645206767,
                -0.8739187125190223,
                1.215903781015015
            ],
            [
                0.0474807190154375,
                -0.9071975880793743,
                0.41834137083031087,
                -0.5027503898356581
            ],
            [
                0.0,
                0.0,
                0.0,
                1.0
            ]
        ],
        [
            [
                -0.9689843905619879,
                0.07830030655014313,
                0.23458745047226404,
                0.10379432050456845
            ],
            [
                -0.24610102478870133,
                -0.4004881469906907,
                -0.8827825315889625,
                1.2120886449257708
            ],
            [
                0.02482168866692544,
                -0.913110853763347,
                0.4072971908641775,
                -0.4735454043632556
            ],
            [
                0.0,
                0.0,
                0.0,
                1.0
            ]
        ],
        [
            [
                -0.9749267514966199,
                0.09266789401540315,
                0.2025560455418128,
                0.1369218177536446
            ],
            [
                -0.22277919910622196,
                -0.3981970888968602,
                -0.8899886607824973,
                1.2053760899934862
            ],
            [
                -0.0018189699678615374,
                -0.9127692533637564,
                0.40881723554009003,
                -0.46283283996340596
            ],
            [
                0.0,
                0.0,
                0.0,
                1.0
            ]
        ],
        [
            [
                -0.9820595144361641,
                0.10967593777332472,
                0.1537368237310341,
                0.16986884251171194
            ],
            [
                -0.1853559621804833,
                -0.40305398669113923,
                -0.8963653613228404,
                1.1983405981587083
            ],
            [
                -0.03634553661010855,
                -0.9087451195056148,
                0.4161113086234759,
                -0.4536825170841918
            ],
            [
                0.0,
                0.0,
                0.0,
                1.0
            ]
        ],
        [
            [
                -0.9872664060329556,
                0.12547240909370033,
                0.09835382002135798,
                0.20188396617708443
            ],
            [
                -0.1419876651949719,
                -0.4110627591643426,
                -0.9006402145909573,
                1.1916711838158551
            ],
            [
                -0.0725734918911251,
                -0.9031025000071264,
                0.42360242383875546,
                -0.44547006370485925
            ],
            [
                0.0,
                0.0,
                0.0,
                1.0
            ]
        ],
        [
            [
                -0.9897107490629153,
                0.13621603945118038,
                0.045111723762987124,
                0.23292389324471932
            ],
            [
                -0.0989184887895466,
                -0.41970060051097124,
                -0.9024201724283349,
                1.1860592413151796
            ],
            [
                -0.1039838566814246,
                -0.8975606737195085,
                0.4288144154964214,
                -0.4388884526112184
            ],
            [
                0.0,
                0.0,
                0.0,
                1.0
            ]
        ],
        [
            [
                -0.99012102403278,
                0.14064378519760237,
                -0.0011598741775707307,
                0.2641659654483917
            ],
            [
                -0.05951756875937039,
                -0.4262972790721891,
                -0.9027908051885423,
                1.18141296508626
            ],
            [
                -0.12745647161280432,
                -0.893767272262922,
                0.4304145014982696,
                -0.43376419906870395
            ],
            [
                0.0,
                0.0,
                0.0,
                1.0
            ]
        ],
        [
            [
                -0.9896710995556004,
                0.13888288139591334,
                -0.03721693250843237,
                0.29588053954659577
            ],
            [
                -0.026477589464322968,
                -0.4303592668204646,
                -0.9024401798363446,
                1.1787599768930932
            ],
            [
                -0.14133875854489453,
                -0.8920972957278694,
                0.42954955624833974,
                -0.4307181110434912
            ],
            [
                0.0,
                0.0,
                0.0,
                1.0
            ]
        ],
        [
            [
                -0.9893928971538648,
                0.13100513255774943,
                -0.0637788742905699,
                0.32835173752452235
            ],
            [
                0.0011205683056891658,
                -0.4308152519327106,
                -0.902613762243239,
                1.1791459105838393
            ],
            [
                -0.14571081243712874,
                -0.8930740396836687,
                0.42605617278382046,
                -0.4307360098508554
            ],
            [
                0.0,
                0.0,
                0.0,
                1.0
            ]
        ],
        [
            [
                -0.989649949948878,
                0.11841161144965415,
                -0.08187751446950187,
                0.358941559971936
            ],
            [
                0.02348484500847068,
                -0.4282961431557359,
                -0.9035116839359426,
                1.1877337055401511
            ],
            [
                -0.14204139504937682,
                -0.8960439586819331,
                0.4210406061477356,
                -0.4379573356218294
            ],
            [
                0.0,
                0.0,
                0.0,
                1.0
            ]
        ],
        [
            [
                -0.9905417043748482,
                0.10019941816954675,
                -0.09447850905982139,
                0.3754603391096925
            ],
            [
                0.0433790561543338,
                -0.42408039848118395,
                -0.9047654945273951,
                1.2113606197706668
            ],
            [
                -0.13071159247174519,
                -0.9002651418711332,
                0.41568060299947585,
                -0.4589948448928167
            ],
            [
                0.0,
                0.0,
                0.0,
                1.0
            ]
        ],
        [
            [
                -0.9916069792120925,
                0.07707462089337168,
                -0.10447485595516824,
                0.3755544639351835
            ],
            [
                0.06292857025157358,
                -0.41851710214769333,
                -0.9062112321892616,
                1.239141648235795
            ],
            [
                -0.11355842424372405,
                -0.9051342951523005,
                0.41011265655572543,
                -0.48597385587799163
            ],
            [
                0.0,
                0.0,
                0.0,
                1.0
            ]
        ],
        [
            [
                -0.9923523049073361,
                0.04985780674541261,
                -0.11354494348193282,
                0.37023574930050707
            ],
            [
                0.08315949067230835,
                -0.41166697806792374,
                -0.9077201013875281,
                1.2685384878920112
            ],
            [
                -0.09198861299060795,
                -0.9101729866894956,
                0.4043311189472701,
                -0.5154242562644593
            ],
            [
                0.0,
                0.0,
                0.0,
                1.0
            ]
        ],
        [
            [
                -0.9913657993713941,
                0.025384949218512344,
                -0.12919924952151676,
                0.3643760834756329
            ],
            [
                0.10818613986953378,
                -0.4022500894928139,
                -0.909308620603637,
                1.3015704870124065
            ],
            [
                -0.07504181623609955,
                -0.915384580285361,
                0.39598770759761437,
                -0.5487408298427756
            ],
            [
                0.0,
                0.0,
                0.0,
                1.0
            ]
        ],
        [
            [
                -0.9870200324414226,
                0.009884683336067623,
                -0.16074973652849883,
                0.37911123060314217
            ],
            [
                0.14447220121423432,
                -0.38679712146292716,
                -0.9109750535927154,
                1.2769847288258163
            ],
            [
                -0.07116975174870431,
                -0.9223230379460561,
                0.38030553565671615,
                -0.518649323424496
            ],
            [
                0.0,
                0.0,
                0.0,
                1.0
            ]
        ],
        [
            [
                -0.9832130737309627,
                0.013538570203703859,
                -0.18236855889955458,
                0.38573615413308643
            ],
            [
                0.1641644727802931,
                -0.37410644776339097,
                -0.912938078855119,
                1.2495410474946025
            ],
            [
                -0.08057149973200094,
                -0.9274980551657727,
                0.36556050774676374,
                -0.4879737448921078
            ],
            [
                0.0,
                0.0,
                0.0,
                1.0
            ]
        ],
        [
            [
                -0.9790663044287358,
                0.02185220675720187,
                -0.2027415724184057,
                0.3916874809996158
            ],
            [
                0.18124455702901685,
                -0.36246034094788965,
                -0.9144059133040516,
                1.2244537739437547
            ],
            [
                -0.0934527383741281,
                -0.9319546351278915,
                0.3508704744291425,
                -0.46104473854595884
            ],
            [
                0.0,
                0.0,
                0.0,
                1.0
            ]
        ],
        [
            [
                -0.9746093520081375,
                0.032936854044165645,
                -0.22182336522995091,
                0.3966076446175222
            ],
            [
                0.19637713696411419,
                -0.3524044680474899,
                -0.9152145247565177,
                1.2008344471834893
            ],
            [
                -0.10829879501681666,
                -0.9354810996639349,
                0.33694812208953645,
                -0.4371335820284089
            ],
            [
                0.0,
                0.0,
                0.0,
                1.0
            ]
        ],
        [
            [
                -0.9692191962218702,
                0.0447531243895494,
                -0.24243626969372623,
                0.4009576024853052
            ],
            [
                0.2131903187890453,
                -0.34182581920552685,
                -0.9154647063681072,
                1.1778473875712405
            ],
            [
                -0.12382210206350155,
                -0.9389117017907598,
                0.3217213298989146,
                -0.41566623458227187
            ],
            [
                0.0,
                0.0,
                0.0,
                1.0
            ]
        ],
        [
            [
                -0.9623670563119221,
                0.057476366784969285,
                -0.26592391149650435,
                0.404409751824585
            ],
            [
                0.23318821243241153,
                -0.3293811886705354,
                -0.9151515974269496,
                1.155188686101468
            ],
            [
                -0.14016939627627595,
                -0.9426634876735827,
                0.30354146726078024,
                -0.3967425841108986
            ],
            [
                0.0,
                0.0,
                0.0,
                1.0
            ]
        ],
        [
            [
                -0.954210121092217,
                0.06337244119624973,
                -0.2926466223030829,
                0.4068472490977517
            ],
            [
                0.25936509075286796,
                -0.3135949856422985,
                -0.9136549130565422,
                1.131797044405071
            ],
            [
                -0.1496505280795366,
                -0.9476593208116317,
                0.282758539979557,
                -0.38041004834517
            ],
            [
                0.0,
                0.0,
                0.0,
                1.0
            ]
        ],
        [
            [
                -0.9458927314215988,
                0.057593405623830675,
                -0.31961097187891274,
                0.40816121671624034
            ],
            [
                0.2895774720958844,
                -0.2961009269042329,
                -0.9104124325785309,
                1.11120587364124
            ],
            [
                -0.1470476025290921,
                -0.9536391283974293,
                0.2633633172747221,
                -0.3682902243471053
            ],
            [
                0.0,
                0.0,
                0.0,
                1.0
            ]
        ],
        [
            [
                -0.9383065058358371,
                0.03912593764037627,
                -0.3438528917736979,
                0.40755836101423754
            ],
            [
                0.32086091227643276,
                -0.27412947325358983,
                -0.9068009492330887,
                1.096829995273185
            ],
            [
                -0.12971720333829914,
                -0.9611166298039302,
                0.2446261075255787,
                -0.36139572755245725
            ],
            [
                0.0,
                0.0,
                0.0,
                1.0
            ]
        ],
        [
            [
                -0.9284376049394916,
                -0.0014319612059075714,
                -0.3717386002451389,
                0.40645293502493574
            ],
            [
                0.36149223852701795,
                -0.23697818010451022,
                -0.9019723161245792,
                1.0824870254734338
            ],
            [
                -0.08678136165422334,
                -0.971733021994414,
                0.22049994659083355,
                -0.35604838020764024
            ],
            [
                0.0,
                0.0,
                0.0,
                1.0
            ]
        ],
        [
            [
                -0.9146164178436021,
                -0.065080637585282,
                -0.39929024244516487,
                0.40490343437202636
            ],
            [
                0.40414613424955304,
                -0.19308563135229853,
                -0.8943021924185479,
                1.067644535647995
            ],
            [
                -0.018879147936149462,
                -0.9792382103867749,
                0.2028659533400988,
                -0.35236888662578986
            ],
            [
                0.0,
                0.0,
                0.0,
                1.0
            ]
        ]
    ],
    "trj_gt": [
        [
            [
                -0.9999229430950869,
                -0.0005286588459600664,
                -0.012405907711463842,
                0.23534228057555753
            ],
            [
                0.011069159369720976,
                -0.49067039020211445,
                -0.8712747004526623,
                1.3377414965179857
            ],
            [
                -0.0056266254280600185,
                -0.8713445545486082,
                0.49063858007025984,
                -0.6233133621473551
            ],
            [
                0.0,
                0.0,
                0.0,
                1.0
            ]
        ],
        [
            [
                -0.997200190051195,
                -0.0721170115911787,
                0.019773559809800712,
                0.23558139266167405
            ],
            [
                0.021204507699475877,
                -0.526278360219484,
                -0.8500476413711457,
                1.3586141764918997
            ],
            [
                0.07170932398149735,
                -0.847248055911981,
                0.5263342475843487,
                -0.6069303719827772
            ],
            [
                0.0,
                0.0,
                0.0,
                1.0
            ]
        ],
        [
            [
                -0.9948796829488147,
                -0.09486152400187632,
                0.034868041275669504,
                0.23548840705949117
            ],
            [
                0.02297397832589476,
                -0.5482343112565172,
                -0.8360088852500506,
                1.3738766414860406
            ],
            [
                0.09842098407528316,
                -0.830926877208769,
                0.5476066927357156,
                -0.5921673276952882
            ],
            [
                0.0,
                0.0,
                0.0,
                1.0
            ]
        ],
        [
            [
                -0.9979890654172828,
                -0.05667127817462502,
                0.028394854124518275,
                0.2551478014777492
            ],
            [
                0.008539869797620107,
                -0.5640869342719386,
                -0.8256709455862341,
                1.2833737568853194
            ],
            [
                0.06280902213995998,
                -0.8237677711931454,
                0.5634367296532623,
                -0.5598077357918414
            ],
            [
                0.0,
                0.0,
                0.0,
                1.0
            ]
        ],
        [
            [
                -0.9986024822338793,
                -0.04638182629007702,
                0.025335458036970706,
                0.25855243517742976
            ],
            [
                0.005378526598106724,
                -0.5660808821489987,
                -0.8243318592999582,
                1.247822692006301
            ],
            [
                0.052575957040912925,
                -0.8230432583395547,
                0.5655394122052971,
                -0.5628150840455849
            ],
            [
                0.0,
                0.0,
                0.0,
                1.0
            ]
        ],
        [
            [
                -0.9991493826134145,
                -0.03453659526765004,
                0.02253468188894189,
                0.2562128736800307
            ],
            [
                0.0009677662761422343,
                -0.5659391385787719,
                -0.8244461555077964,
                1.2147690378595224
            ],
            [
                0.04122683570766671,
                -0.8237227440436611,
                0.5654913361219258,
                -0.5628436135660271
            ],
            [
                0.0,
                0.0,
                0.0,
                1.0
            ]
        ],
        [
            [
                -0.9997121208588764,
                0.0010763272192439947,
                0.02397065613857139,
                0.20752572284027668
            ],
            [
                -0.020415712200379188,
                -0.5630561043718927,
                -0.8261661666965847,
                1.1875839177864291
            ],
            [
                0.012607594298583708,
                -0.8264173938707048,
                0.5629161563665928,
                -0.5423718357136643
            ],
            [
                0.0,
                0.0,
                0.0,
                1.0
            ]
        ],
        [
            [
                -0.9930807665866135,
                0.04347663739631729,
                0.10908910847848834,
                0.15861204536498152
            ],
            [
                -0.1157738268816756,
                -0.5180979268570299,
                -0.8474494197851515,
                1.1969966903362697
            ],
            [
                0.01967458705325397,
                -0.8542150573654973,
                0.5195467002739611,
                -0.5278279171394322
            ],
            [
                0.0,
                0.0,
                0.0,
                1.0
            ]
        ],
        [
            [
                -0.9821463109132433,
                0.050293190307330926,
                0.18127125069465067,
                0.13611975328253903
            ],
            [
                -0.1832221794443013,
                -0.47416466091505843,
                -0.8611603277485247,
                1.2040310726221117
            ],
            [
                0.0426419306550145,
                -0.8789980167160792,
                0.47491404488815986,
                -0.5223179189179444
            ],
            [
                0.0,
                0.0,
                0.0,
                1.0
            ]
        ],
        [
            [
                -0.970967330912914,
                0.05109507166048798,
                0.23369161792062826,
                0.11214426479557081
            ],
            [
                -0.2321561825916056,
                -0.4368044812146757,
                -0.8690828437337664,
                1.2113006255973895
            ],
            [
                0.05767171330162845,
                -0.8981036593208886,
                0.4359850512226897,
                -0.515556877501172
            ],
            [
                0.0,
                0.0,
                0.0,
                1.0
            ]
        ],
        [
            [
                -0.9659900175704117,
                0.06024941673599735,
                0.25146237144438777,
                0.0768764953204316
            ],
            [
                -0.2535872027818713,
                -0.4109013799213663,
                -0.8757015724292078,
                1.219872456291931
            ],
            [
                0.0505657381077496,
                -0.9096862688886054,
                0.41220523800767,
                -0.49882823623563444
            ],
            [
                0.0,
                0.0,
                0.0,
                1.0
            ]
        ],
        [
            [
                -0.9694963063669688,
                0.07490933864847922,
                0.23337852188207275,
                0.10849449785475565
            ],
            [
                -0.243616603913366,
                -0.399306557824707,
                -0.8838579547845905,
                1.2145152439793017
            ],
            [
                0.026980355248259293,
                -0.9137515569914032,
                0.4053755144758029,
                -0.46990097954273663
            ],
            [
                0.0,
                0.0,
                0.0,
                1.0
            ]
        ],
        [
            [
                -0.9757171426385763,
                0.09118417298284229,
                0.19915204995021682,
                0.14151884263145678
            ],
            [
                -0.21902816111370105,
                -0.39923429132117877,
                -0.8903023645090853,
                1.207701432769891
            ],
            [
                -0.001673179955068458,
                -0.9123028396719446,
                0.4095117668621258,
                -0.4599160086573257
            ],
            [
                0.0,
                0.0,
                0.0,
                1.0
            ]
        ],
        [
            [
                -0.9828505149236113,
                0.10894624790416935,
                0.14878044070065724,
                0.17385614995644222
            ],
            [
                -0.18057700018375844,
                -0.40509234706608754,
                -0.8962654631248604,
                1.2006060325703456
            ],
            [
                -0.03737498695420349,
                -0.907760953918417,
                0.41781853300551397,
                -0.45098944076652087
            ],
            [
                0.0,
                0.0,
                0.0,
                1.0
            ]
        ],
        [
            [
                -0.9876946244456144,
                0.12473331666012723,
                0.09434495673830481,
                0.20563351486053555
            ],
            [
                -0.1381945484312474,
                -0.41362791296568546,
                -0.8998965752642137,
                1.1939387559916843
            ],
            [
                -0.07322344539777,
                -0.9018606285748361,
                0.42577565620191193,
                -0.4431612537952182
            ],
            [
                0.0,
                0.0,
                0.0,
                1.0
            ]
        ],
        [
            [
                -0.9897274261339751,
                0.13600731827563928,
                0.04406444704917383,
                0.2367943339575676
            ],
            [
                -0.09812025209029346,
                -0.4220270683254166,
                -0.9012575590568533,
                1.1883093746841034
            ],
            [
                -0.10398132245145497,
                -0.8963226020908461,
                0.43103696268129343,
                -0.43682153716623606
            ],
            [
                0.0,
                0.0,
                0.0,
                1.0
            ]
        ],
        [
            [
                -0.9900620892161672,
                0.14057900513569324,
                -0.0038274240135687276,
                0.26830044976970646
            ],
            [
                -0.05737699249968605,
                -0.42863926464737157,
                -0.9016517452591427,
                1.1835352527116199
            ],
            [
                -0.1283939934709143,
                -0.8924712702156874,
                0.4324456122392097,
                -0.43182963238564376
            ],
            [
                0.0,
                0.0,
                0.0,
                1.0
            ]
        ],
        [
            [
                -0.9896529034054943,
                0.1381414415358497,
                -0.038783011374009,
                0.3002540910872332
            ],
            [
                -0.02476968653839078,
                -0.43072594074123494,
                -0.9021425771866274,
                1.1806808231200274
            ],
            [
                -0.14132823759130764,
                -0.8918470441425249,
                0.4296910226013755,
                -0.4292763010518277
            ],
            [
                0.0,
                0.0,
                0.0,
                1.0
            ]
        ],
        [
            [
                -0.9896988586173209,
                0.1287864680265861,
                -0.06253213573713047,
                0.33400362103222697
            ],
            [
                0.001067576576546868,
                -0.43013192911598036,
                -0.9027651879114983,
                1.1814585686703238
            ],
            [
                -0.1431611220360679,
                -0.893532099731725,
                0.4255637131425242,
                -0.4297675012093848
            ],
            [
                0.0,
                0.0,
                0.0,
                1.0
            ]
        ],
        [
            [
                -0.9894645538873513,
                0.11899953488887362,
                -0.08245643676336187,
                0.36442634776203975
            ],
            [
                0.024385109205598693,
                -0.4244218981616771,
                -0.9051359128994897,
                1.1912377911115253
            ],
            [
                -0.1427071840529966,
                -0.8976102757320984,
                0.41704872816528216,
                -0.4389441867948746
            ],
            [
                0.0,
                0.0,
                0.0,
                1.0
            ]
        ],
        [
            [
                -0.9900417649901405,
                0.09848379421967828,
                -0.10058980439584606,
                0.3790449070469759
            ],
            [
                0.049641891282759684,
                -0.4244027606539689,
                -0.9041114863146209,
                1.2164192904234843
            ],
            [
                -0.13173102723306185,
                -0.9001012626744666,
                0.41528765694871617,
                -0.462759947352398
            ],
            [
                0.0,
                0.0,
                0.0,
                1.0
            ]
        ],
        [
            [
                -0.990970780352998,
                0.07505180560630229,
                -0.11110449039206176,
                0.37743126749026396
            ],
            [
                0.06982078506169272,
                -0.41856909610786525,
                -0.9054968649247145,
                1.2453048394755497
            ],
            [
                -0.11446417688840056,
                -0.9050779979103797,
                0.4095496871865678,
                -0.49238368134117355
            ],
            [
                0.0,
                0.0,
                0.0,
                1.0
            ]
        ],
        [
            [
                -0.9915484212351723,
                0.04818467816058136,
                -0.12045762457530804,
                0.371662932677563
            ],
            [
                0.0900835583173466,
                -0.41245623468425197,
                -0.9065122240541064,
                1.2732391962863503
            ],
            [
                -0.09336358068177313,
                -0.9097016737939055,
                0.4046297996570867,
                -0.5214104261619005
            ],
            [
                0.0,
                0.0,
                0.0,
                1.0
            ]
        ],
        [
            [
                -0.990485717721042,
                0.02493349563826667,
                -0.13533824724903748,
                0.36621285709520635
            ],
            [
                0.11398341684685669,
                -0.40241120740983216,
                -0.9083350765751362,
                1.3051371907875173
            ],
            [
                -0.07710966868913358,
                -0.9151188911769883,
                0.39574066501079025,
                -0.5540974389208417
            ],
            [
                0.0,
                0.0,
                0.0,
                1.0
            ]
        ],
        [
            [
                -0.9853379581571494,
                0.014258772825912038,
                -0.17001727205382658,
                0.38292104854429787
            ],
            [
                0.15167583498116982,
                -0.3830992157701523,
                -0.9111690584157063,
                1.2702684651449632
            ],
            [
                -0.07812571041766343,
                -0.9235966231621768,
                0.3753195979929544,
                -0.5090705387363916
            ],
