{
    "trj_id": [
        0,
        248,
        263,
        374,
        398,
        420,
        470,
        513,
        532,
        549,
        575,
        602,
        620,
        641,
        665,
        685,
        706,
        724,
        742,
        761,
        776,
        790,
        802,
        819,
        842,
        853,
        865,
        876,
        889,
        900,
        911,
        920,
        928,
        936,
        944,
        950,
        954,
        959,
        963,
        966,
        970,
        973,
        979,
        985,
        991,
        1000,
        1018,
        1046,
        1062,
        1069,
        1076,
        1091,
        1109,
        1128,
        1146,
        1163,
        1179,
        1196,
        1211,
        1224,
        1237,
        1248,
        1259,
        1269,
        1280,
        1287,
        1298,
        1309,
        1320,
        1331,
        1343,
        1356,
        1370,
        1386,
        1402,
        1416,
        1430,
        1443,
        1457,
        1471,
        1485,
        1496,
        1509,
        1522,
        1531,
        1542,
        1553,
        1564,
        1574,
        1583,
        1592,
        1601,
        1610,
        1622,
        1634,
        1652,
        1671,
        1693,
        1708,
        1719,
        1729,
        1736,
        1744,
        1750,
        1756,
        1762,
        1767,
        1772,
        1778,
        1789,
        1800,
        1812,
        1822,
        1834,
        1846,
        1857,
        1867,
        1876,
        1887,
        1897,
        1906,
        1914,
        1921,
        1928,
        1935,
        1943,
        1952,
        1958,
        1963,
        1971,
        1978,
        1985,
        1993,
        1995,
        1998,
        2000,
        2008,
        2020,
        2025,
        2032,
        2038,
        2042,
        2047,
        2053,
        2060,
        2069,
        2078,
        2087,
        2089,
        2098,
        2106,
        2114,
        2123,
        2132,
        2144,
        2149,
        2160,
        2176,
        2190,
        2203,
        2219,
        2237,
        2242,
        2245,
        2248,
        2254,
        2256,
        2260,
        2267,
        2272,
        2303,
        2323,
        2334,
        2346,
        2349
    ],
    "trj_est": [
        [
            [
                -0.9999229430950869,
                -0.0005286588459600664,
                -0.012405907711463842,
                0.23534228057555753
            ],
            [
                0.011069159369720976,
                -0.49067039020211445,
                -0.8712747004526623,
                1.3377414965179857
            ],
            [
                -0.0056266254280600185,
                -0.8713445545486082,
                0.49063858007025984,
                -0.6233133621473551
            ],
            [
                0.0,
                0.0,
                0.0,
                1.0
            ]
        ],
        [
            [
                -0.9980248262938902,
                -0.06116963127613296,
                0.014507688233353152,
                0.2360079710495587
            ],
            [
                0.019429899420420085,
                -0.5197633558133707,
                -0.8541396396909057,
                1.3547838094742948
            ],
            [
                0.05979471604404626,
                -0.8521798626464788,
                0.519920476033577,
                -0.6088928480575541
            ],
            [
                0.0,
                0.0,
                0.0,
                1.0
            ]
        ],
        [
            [
                -0.9952806591202121,
                -0.09127593958874097,
                0.03317708320400686,
                0.2355175645195518
            ],
            [
                0.0218913892366356,
                -0.5437714425209942,
                -0.8390071382921638,
                1.3704583353528792
            ],
            [
                0.09462716279483595,
                -0.8343300211337507,
                0.543195348423021,
                -0.5945578737870812
            ],
            [
                0.0,
                0.0,
                0.0,
                1.0
            ]
        ],
        [
            [
                -0.9980028117040393,
                -0.05619314886636879,
                0.0294938826282005,
                0.25407672673147336
            ],
            [
                0.007460474630952397,
                -0.5655661687671572,
                -0.8247657817717842,
                1.2862223985270482
            ],
            [
                0.0630280720811223,
                -0.8229063802528144,
                0.5648279690625967,
                -0.5610310974376597
            ],
            [
                0.0,
                0.0,
                0.0,
                1.0
            ]
        ],
        [
            [
                -0.9985380756192087,
                -0.047475444620630414,
                0.026702803563392875,
                0.25778357162660426
            ],
            [
                0.004857831612256938,
                -0.566095786941359,
                -0.824425889595711,
                1.2517338764229786
            ],
            [
                0.054257959653587484,
                -0.8230996290418482,
                0.5654672182233335,
                -0.5646052136011074
            ],
            [
                0.0,
                0.0,
                0.0,
                1.0
            ]
        ],
        [
            [
                -0.9991743873926334,
                -0.03453689657124686,
                0.022565290284775025,
                0.25618296363847004
            ],
            [
                0.0009757941607239472,
                -0.5668503653673084,
                -0.8239243442960222,
                1.2180560254101298
            ],
            [
                0.04124841974240239,
                -0.8232322142054472,
                0.5663816045351394,
                -0.5651671478158721
            ],
            [
                0.0,
                0.0,
                0.0,
                1.0
            ]
        ],
        [
            [
                -0.9997896533249524,
                0.0011580171245816032,
                0.02184062466251553,
                0.20937805658537284
            ],
            [
                -0.01867823468874597,
                -0.5657375271179347,
                -0.824494199335195,
                1.1859163612087216
            ],
            [
                0.011402794068420593,
                -0.8247356475721661,
                0.5656048791068118,
                -0.5453846230731865
            ],
            [
                0.0,
                0.0,
                0.0,
                1.0
            ]
        ],
        [
            [
                -0.9946647699684752,
                0.044221689965515155,
                0.09355348371362439,
                0.16213859035945286
            ],
            [
                -0.10282442571124621,
                -0.5254249621070511,
                -0.8447346161903403,
                1.1935854599430247
            ],
            [
                0.011798141697243069,
                -0.8498479250470649,
                0.5271313302077303,
                -0.5311901770539798
            ],
            [
                0.0,
                0.0,
                0.0,
                1.0
            ]
        ],
        [
            [
                -0.9847565474476155,
                0.0529236034362123,
                0.16589661939872424,
                0.14007243163330252
            ],
            [
                -0.17068279232142608,
                -0.4828035447803492,
                -0.8590678896753612,
                1.2003776434118347
            ],
            [
                0.034625146608377025,
                -0.8742851844008008,
                0.48444124331102667,
                -0.5253765616427688
            ],
            [
                0.0,
                0.0,
                0.0,
                1.0
            ]
        ],
        [
            [
                -0.9728335744680263,
                0.0561562402594305,
                0.224753013043859,
                0.11546497553958618
            ],
            [
                -0.22602526178655613,
                -0.4434093823494982,
                -0.8674906344799731,
                1.2076526114057808
            ],
            [
                0.05093504666186467,
                -0.8947164152638883,
                0.4440194511949383,
                -0.5182878489192053
            ],
            [
                0.0,
                0.0,
                0.0,
                1.0
            ]
        ],
        [
            [
                -0.9667220128188079,
                0.06373409409453888,
                0.2479278839272722,
                0.07999788651745873
            ],
            [
                -0.25158240173808727,
                -0.41619663645206767,
                -0.8739187125190223,
                1.215903781015015
            ],
            [
                0.0474807190154375,
                -0.9071975880793743,
                0.41834137083031087,
                -0.5027503898356581
            ],
            [
                0.0,
                0.0,
                0.0,
                1.0
            ]
        ],
        [
            [
                -0.9689843905619879,
                0.07830030655014313,
                0.23458745047226404,
                0.10379432050456845
            ],
            [
                -0.24610102478870133,
                -0.4004881469906907,
                -0.8827825315889625,
                1.2120886449257708
            ],
            [
                0.02482168866692544,
                -0.913110853763347,
                0.4072971908641775,
                -0.4735454043632556
            ],
            [
                0.0,
                0.0,
                0.0,
                1.0
            ]
        ],
        [
            [
                -0.9749267514966199,
                0.09266789401540315,
                0.2025560455418128,
                0.1369218177536446
            ],
            [
                -0.22277919910622196,
                -0.3981970888968602,
                -0.8899886607824973,
                1.2053760899934862
            ],
            [
                -0.0018189699678615374,
                -0.9127692533637564,
                0.40881723554009003,
                -0.46283283996340596
            ],
            [
                0.0,
                0.0,
                0.0,
                1.0
            ]
        ],
        [
            [
                -0.9820595144361641,
                0.10967593777332472,
                0.1537368237310341,
                0.16986884251171194
            ],
            [
                -0.1853559621804833,
                -0.40305398669113923,
                -0.8963653613228404,
                1.1983405981587083
            ],
            [
                -0.03634553661010855,
                -0.9087451195056148,
                0.4161113086234759,
                -0.4536825170841918
            ],
            [
                0.0,
                0.0,
                0.0,
                1.0
            ]
        ],
        [
            [
                -0.9872664060329556,
                0.12547240909370033,
                0.09835382002135798,
                0.20188396617708443
            ],
            [
                -0.1419876651949719,
                -0.4110627591643426,
                -0.9006402145909573,
                1.1916711838158551
            ],
            [
                -0.0725734918911251,
                -0.9031025000071264,
                0.42360242383875546,
                -0.44547006370485925
            ],
            [
                0.0,
                0.0,
                0.0,
                1.0
            ]
        ],
        [
            [
                -0.9897107490629153,
                0.13621603945118038,
                0.045111723762987124,
                0.23292389324471932
            ],
            [
                -0.0989184887895466,
                -0.41970060051097124,
                -0.9024201724283349,
                1.1860592413151796
            ],
            [
                -0.1039838566814246,
                -0.8975606737195085,
                0.4288144154964214,
                -0.4388884526112184
            ],
            [
                0.0,
                0.0,
                0.0,
                1.0
            ]
        ],
        [
            [
                -0.99012102403278,
                0.14064378519760237,
                -0.0011598741775707307,
                0.2641659654483917
            ],
            [
                -0.05951756875937039,
                -0.4262972790721891,
                -0.9027908051885423,
                1.18141296508626
            ],
            [
                -0.12745647161280432,
                -0.893767272262922,
                0.4304145014982696,
                -0.43376419906870395
            ],
            [
                0.0,
                0.0,
                0.0,
                1.0
            ]
        ],
        [
            [
                -0.9896710995556004,
                0.13888288139591334,
                -0.03721693250843237,
                0.29588053954659577
            ],
            [
                -0.026477589464322968,
                -0.4303592668204646,
                -0.9024401798363446,
                1.1787599768930932
            ],
            [
                -0.14133875854489453,
                -0.8920972957278694,
                0.42954955624833974,
                -0.4307181110434912
            ],
            [
                0.0,
                0.0,
                0.0,
                1.0
            ]
        ],
        [
            [
                -0.9893928971538648,
                0.13100513255774943,
                -0.0637788742905699,
                0.32835173752452235
            ],
            [
                0.0011205683056891658,
                -0.4308152519327106,
                -0.902613762243239,
                1.1791459105838393
            ],
            [
                -0.14571081243712874,
                -0.8930740396836687,
                0.42605617278382046,
                -0.4307360098508554
            ],
            [
                0.0,
                0.0,
                0.0,
                1.0
            ]
        ],
        [
            [
                -0.989649949948878,
                0.11841161144965415,
                -0.08187751446950187,
                0.358941559971936
            ],
            [
                0.02348484500847068,
                -0.4282961431557359,
                -0.9035116839359426,
                1.1877337055401511
            ],
            [
                -0.14204139504937682,
                -0.8960439586819331,
                0.4210406061477356,
                -0.4379573356218294
            ],
            [
                0.0,
                0.0,
                0.0,
                1.0
            ]
        ],
        [
            [
                -0.9905417043748482,
                0.10019941816954675,
                -0.09447850905982139,
                0.3754603391096925
            ],
            [
                0.0433790561543338,
                -0.42408039848118395,
                -0.9047654945273951,
                1.2113606197706668
            ],
            [
                -0.13071159247174519,
                -0.9002651418711332,
                0.41568060299947585,
                -0.4589948448928167
            ],
            [
                0.0,
                0.0,
                0.0,
                1.0
            ]
        ],
        [
            [
                -0.9916069792120925,
                0.07707462089337168,
                -0.10447485595516824,
                0.3755544639351835
            ],
            [
                0.06292857025157358,
                -0.41851710214769333,
                -0.9062112321892616,
                1.239141648235795
            ],
            [
                -0.11355842424372405,
                -0.9051342951523005,
                0.41011265655572543,
                -0.48597385587799163
            ],
            [
                0.0,
                0.0,
                0.0,
                1.0
            ]
        ],
        [
            [
                -0.9923523049073361,
                0.04985780674541261,
                -0.11354494348193282,
                0.37023574930050707
            ],
            [
                0.08315949067230835,
                -0.41166697806792374,
                -0.9077201013875281,
                1.2685384878920112
            ],
            [
                -0.09198861299060795,
                -0.9101729866894956,
                0.4043311189472701,
                -0.5154242562644593
            ],
            [
                0.0,
                0.0,
                0.0,
                1.0
            ]
        ],
        [
            [
                -0.9913657993713941,
                0.025384949218512344,
                -0.12919924952151676,
                0.3643760834756329
            ],
            [
                0.10818613986953378,
                -0.4022500894928139,
                -0.909308620603637,
                1.3015704870124065
            ],
            [
                -0.07504181623609955,
                -0.915384580285361,
                0.39598770759761437,
                -0.5487408298427756
            ],
            [
                0.0,
                0.0,
                0.0,
                1.0
            ]
        ],
        [
            [
                -0.9870200324414226,
                0.009884683336067623,
                -0.16074973652849883,
                0.37911123060314217
            ],
            [
                0.14447220121423432,
                -0.38679712146292716,
                -0.9109750535927154,
                1.2769847288258163
            ],
            [
                -0.07116975174870431,
                -0.9223230379460561,
                0.38030553565671615,
                -0.518649323424496
            ],
            [
                0.0,
                0.0,
                0.0,
                1.0
            ]
        ],
        [
            [
                -0.9832130737309627,
                0.013538570203703859,
                -0.18236855889955458,
                0.38573615413308643
            ],
            [
                0.1641644727802931,
                -0.37410644776339097,
                -0.912938078855119,
                1.2495410474946025
            ],
            [
                -0.08057149973200094,
                -0.9274980551657727,
                0.36556050774676374,
                -0.4879737448921078
            ],
            [
                0.0,
                0.0,
                0.0,
                1.0
            ]
        ],
        [
            [
                -0.9790663044287358,
                0.02185220675720187,
                -0.2027415724184057,
                0.3916874809996158
            ],
            [
                0.18124455702901685,
                -0.36246034094788965,
                -0.9144059133040516,
                1.2244537739437547
            ],
            [
                -0.0934527383741281,
                -0.9319546351278915,
                0.3508704744291425,
                -0.46104473854595884
            ],
            [
                0.0,
                0.0,
                0.0,
                1.0
            ]
        ],
        [
            [
                -0.9746093520081375,
                0.032936854044165645,
                -0.22182336522995091,
                0.3966076446175222
            ],
            [
                0.19637713696411419,
                -0.3524044680474899,
                -0.9152145247565177,
                1.2008344471834893
            ],
            [
                -0.10829879501681666,
                -0.9354810996639349,
                0.33694812208953645,
                -0.4371335820284089
            ],
            [
                0.0,
                0.0,
                0.0,
                1.0
            ]
        ],
        [
            [
                -0.9692191962218702,
                0.0447531243895494,
                -0.24243626969372623,
                0.4009576024853052
            ],
            [
                0.2131903187890453,
                -0.34182581920552685,
                -0.9154647063681072,
                1.1778473875712405
            ],
            [
                -0.12382210206350155,
                -0.9389117017907598,
                0.3217213298989146,
                -0.41566623458227187
            ],
            [
                0.0,
                0.0,
                0.0,
                1.0
            ]
        ],
        [
            [
                -0.9623670563119221,
                0.057476366784969285,
                -0.26592391149650435,
                0.404409751824585
            ],
            [
                0.23318821243241153,
                -0.3293811886705354,
                -0.9151515974269496,
                1.155188686101468
            ],
            [
                -0.14016939627627595,
                -0.9426634876735827,
                0.30354146726078024,
                -0.3967425841108986
            ],
            [
                0.0,
                0.0,
                0.0,
                1.0
            ]
        ],
        [
            [
                -0.954210121092217,
                0.06337244119624973,
                -0.2926466223030829,
                0.4068472490977517
            ],
            [
                0.25936509075286796,
                -0.3135949856422985,
                -0.9136549130565422,
                1.131797044405071
            ],
            [
                -0.1496505280795366,
                -0.9476593208116317,
                0.282758539979557,
                -0.38041004834517
            ],
            [
                0.0,
                0.0,
                0.0,
                1.0
            ]
        ],
        [
            [
                -0.9458535303658043,
                0.05768762614475087,
                -0.319709927925861,
                0.4081993381886718
            ],
            [
                0.2896433085437977,
                -0.2961291757834456,
                -0.9103822880516469,
                1.1112025369524599
            ],
            [
                -0.14716994434594638,
                -0.9536246367901844,
                0.26334729490156317,
                -0.3682817661453354
            ],
            [
                0.0,
                0.0,
                0.0,
                1.0
            ]
        ],
        [
            [
                -0.9382501327548772,
                0.03926790587985393,
                -0.34399122563435636,
                0.40759954787261105
            ],
            [
                0.3210104202335812,
                -0.2737551946516405,
                -0.9068608785091584,
                1.09680478401392
            ],
            [
                -0.12975726623036124,
                -0.9612174851672003,
                0.24420789573745708,
                -0.36129475223376595
            ],
            [
                0.0,
                0.0,
                0.0,
                1.0
            ]
        ],
        [
            [
                -0.9285739860063814,
                -0.0015653908931826182,
                -0.37139852855745975,
                0.40638778039420403
            ],
            [
                0.3612217681718318,
                -0.23663433157184072,
                -0.9021710417425455,
                1.082377009965318
            ],
            [
                -0.08645241059386585,
                -0.9718166203371718,
                0.2202608528574883,
                -0.35601064728136905
            ],
            [
                0.0,
                0.0,
                0.0,
                1.0
            ]
        ],
        [
            [
                -0.9141329075171518,
                -0.06552227507499125,
                -0.40032412900436676,
                0.4048656912112039
            ],
            [
                0.40526861422740895,
                -0.1919293623326519,
                -0.8940433884932565,
                1.067095060732187
            ],
            [
                -0.0182379407897712,
                -0.9794363720504955,
                0.20196777932409532,
                -0.35204011567395066
            ],
            [
                0.0,
                0.0,
                0.0,
                1.0
            ]
        ],
        [
            [
                -0.8972967650946923,
                -0.115796530357935,
                -0.4261966803904171,
                0.4041016485048651
            ],
            [
                0.4406235950953479,
                -0.16796887098712177,
                -0.8820615741432695,
                1.052695313494934
            ],
            [
                0.03056439185089762,
                -0.9791832366767643,
                0.2017059413632749,
                -0.34782519090837966
            ],
            [
                0.0,
                0.0,
                0.0,
                1.0
            ]
        ],
        [
            [
                -0.8833094554751479,
                -0.14791956915198837,
                -0.4450624982202195,
                0.40364564904748906
            ],
            [
                0.46578309413018393,
                -0.16509076220174884,
                -0.8695904711118262,
                1.03913589276817
            ],
            [
                0.055164761013513565,
                -0.9753388880411752,
                0.21468856068094483,
                -0.3420719086169908
            ],
            [
                0.0,
                0.0,
                0.0,
                1.0
            ]
        ],
        [
            [
                -0.8707525631196401,
                -0.16838827885081434,
                -0.4622051131599669,
                0.41091035096845746
            ],
            [
                0.4871292618630443,
                -0.16377450641338354,
                -0.858068360233003,
                1.0292831380450533
            ],
            [
                0.06880155209546307,
                -0.9722364715759543,
                0.22459728273226526,
                -0.3360740099312893
            ],
            [
                0.0,
                0.0,
                0.0,
                1.0
            ]
        ],
        [
            [
                -0.8621206615517886,
                -0.18345967170615918,
                -0.4725365252836192,
                0.41728504055779836
            ],
            [
                0.5012242402497801,
                -0.16889874059291024,
                -0.8489102013405385,
                1.0403504220128859
            ],
            [
                0.07594020483574745,
                -0.9686267137370281,
                0.23752716708859264,
                -0.3415873826644796
            ],
            [
                0.0,
                0.0,
                0.0,
                1.0
            ]
        ],
        [
            [
                -0.8563418040507883,
                -0.1953590386815068,
                -0.4782408702949996,
                0.4213804044380394
            ],
            [
                0.5108037743017461,
                -0.18133585498941,
                -0.8405963323561352,
                1.052480113296825
            ],
            [
                0.07750570967067504,
                -0.9640416389551394,
                0.2550358712261031,
                -0.3482617614936464
            ],
            [
                0.0,
                0.0,
                0.0,
                1.0
            ]
        ],
        [
            [
                -0.8514039923907152,
                -0.2055189265156795,
                -0.4827778951582474,
                0.42543749398255964
            ],
            [
                0.5191620184302449,
                -0.19605052654841668,
                -0.8321315325903725,
                1.0645451198151417
            ],
            [
                0.07638010751270911,
                -0.959036681183048,
                0.27357494714225306,
                -0.3553885179725595
            ],
            [
                0.0,
                0.0,
                0.0,
                1.0
            ]
        ],
        [
            [
                -0.8455995681068017,
                -0.21772269522107848,
                -0.4876092304042062,
                0.4310164444382536
            ],
            [
                0.5289657820294213,
                -0.2157096669925984,
                -0.821020159034862,
                1.077963486325231
            ],
            [
                0.07358322590888056,
                -0.9520981562264023,
                0.29752892664833547,
                -0.3638175271338492
            ],
            [
                0.0,
                0.0,
                0.0,
                1.0
            ]
        ],
        [
            [
                -0.8368659490562417,
                -0.2313560746902928,
                -0.49632083939380783,
                0.4416046513285828
            ],
            [
                0.5435642434204053,
                -0.24050990135271813,
                -0.8044277825891955,
                1.0868229186885927
            ],
            [
                0.06675028426091656,
                -0.9428971935622658,
                0.3269862051963102,
                -0.3734452264432723
            ],
            [
                0.0,
                0.0,
                0.0,
                1.0
            ]
        ],
        [
            [
                -0.823136119816159,
                -0.2476454133430328,
                -0.5112021178069219,
                0.45674457482448244
            ],
            [
                0.5654631921976345,
                -0.2709693663667184,
                -0.7792573128330434,
                1.082589396616272
            ],
            [
                0.05447351583751219,
                -0.9304169192251696,
                0.3630293103390919,
                -0.37809318330259123
            ],
            [
                0.0,
                0.0,
                0.0,
                1.0
            ]
        ],
        [
            [
                -0.806573202839952,
                -0.25632593373239426,
                -0.5328720136879468,
                0.46929879754648945
            ],
            [
                0.5909517757601769,
                -0.31560138448559666,
                -0.7426923417851178,
                1.0731415665152284
            ],
            [
                0.02221337255551555,
                -0.913852638786977,
                0.4059755905425256,
                -0.37589007188903845
            ],
            [
                0.0,
                0.0,
                0.0,
                1.0
            ]
        ],
        [
            [
                -0.7921958603703338,
                -0.22930873694196077,
                -0.5657427280100427,
                0.47921146078186055
            ],
            [
                0.607514596212943,
                -0.3877398318215346,
                -0.6935438950309434,
                1.0638816376803792
            ],
            [
                -0.06029982612918513,
                -0.8930381288987548,
                0.44641440842431984,
                -0.3716229686730788
            ],
            [
                0.0,
                0.0,
                0.0,
                1.0
            ]
        ],
        [
            [
                -0.7679291671490709,
                -0.10007003752844723,
                -0.6328544736747603,
                0.489481854378033
            ],
            [
                0.5793689150497195,
                -0.5304821418451953,
                -0.6191562206001233,
                1.0520096797372123
            ],
            [
                -0.27371079420328676,
                -0.8420461692878949,
                0.46528376743090183,
                -0.36351015832650774
            ],
            [
                0.0,
                0.0,
                0.0,
                1.0
            ]
        ],
        [
            [
                -0.6869326566779903,
                0.13995254647415392,
                -0.7132899999887313,
                0.49910788637162284
            ],
            [
                0.43897121510017495,
                -0.7024943092147489,
                -0.560588646228429,
                1.0385437457060196
            ],
            [
                -0.5794606080674318,
                -0.6981346383375223,
                0.4210647097875712,
                -0.3542979674764828
            ],
            [
                0.0,
                0.0,
                0.0,
                1.0
            ]
        ],
        [
            [
                -0.6078188656573237,
                0.28295178776880225,
                -0.7421221815193749,
                0.508606982608844
            ],
            [
                0.30228196361520443,
                -0.7818675071060174,
                -0.5456874678449094,
                1.0229503653800691
            ],
            [
                -0.7345490478700617,
                -0.5559586880956959,
                0.3896381678445809,
                -0.34941337251659477
            ],
            [
                0.0,
                0.0,
                0.0,
                1.0
            ]
        ],
        [
            [
                -0.5934630678739412,
                0.3222875400067741,
                -0.7376888872882206,
                0.518460253427182
            ],
            [
                0.2413848977103812,
                -0.8031681248858159,
                -0.5450913786710093,
                1.008168587874852
            ],
            [
                -0.7680653226453372,
                -0.5015158471927577,
                0.39878908230794774,
                -0.3487135047587552
            ],
            [
                0.0,
                0.0,
                0.0,
                1.0
            ]
        ],
        [
            [
                -0.6054864278360169,
                0.3317514683046106,
                -0.7235882929271686,
                0.5264210716483491
            ],
            [
                0.2120521151243462,
                -0.8091568492865888,
                -0.5484280177696716,
                0.995706098992414
            ],
            [
                -0.7673401767079852,
                -0.4854613368014663,
                0.41951493494556996,
                -0.35323291683896335
            ],
            [
                0.0,
                0.0,
                0.0,
                1.0
            ]
        ],
        [
            [
                -0.622233273952241,
                0.333642945448634,
                -0.7083554291215098,
                0.528250429790987
            ],
            [
                0.19473518446432342,
                -0.8105197308375532,
                -0.5528250088189212,
                0.9858336938533232
            ],
            [
                -0.7584881679619069,
                -0.4818828723689605,
                0.43928505862835066,
                -0.36206445353194383
            ],
            [
                0.0,
                0.0,
                0.0,
                1.0
            ]
        ],
        [
            [
                -0.6434122272928287,
                0.3337634956408209,
                -0.6891218676081573,
                0.5242830431437697
            ],
            [
                0.18020336618424707,
                -0.8089289616151675,
                -0.5600434545970919,
                0.9807770749926724
            ],
            [
                -0.7442813344301467,
                -0.484473354138643,
                0.46024853012955974,
                -0.37286975013312684
            ],
            [
                0.0,
                0.0,
                0.0,
                1.0
            ]
        ],
        [
            [
                -0.6693160805099905,
                0.33181130552085614,
                -0.66497188819737,
                0.5182360517496549
            ],
            [
                0.16829471256842574,
                -0.8040865499649735,
                -0.5706290730033858,
                0.9793186608111611
            ],
            [
                -0.7239459814481425,
                -0.4937907007573136,
                0.48226010810200176,
                -0.3832859961601548
            ],
            [
                0.0,
                0.0,
                0.0,
                1.0
            ]
        ],
        [
            [
                -0.7003505743888299,
                0.3276963535919053,
                -0.6343527116599351,
                0.5108231468428228
            ],
            [
                0.157713180249267,
                -0.7957285589706904,
                -0.5851915444208593,
                0.9792942357567842
            ],
            [
                -0.6964442343165824,
                -0.5098325587960584,
                0.5055187900806862,
                -0.3933862799405615
            ],
            [
                0.0,
                0.0,
                0.0,
                1.0
            ]
        ],
        [
            [
                -0.7349741647855319,
                0.3200395479900414,
                -0.5980574813437816,
                0.5034596266590974
            ],
            [
                0.14862229704996482,
                -0.7845051773173332,
                -0.6024739552469118,
                0.9803006930629704
            ],
            [
                -0.6619047068020883,
                -0.5316349005713576,
                0.5289395917661383,
                -0.40364126105549364
            ],
            [
                0.0,
                0.0,
                0.0,
                1.0
            ]
        ],
        [
            [
                -0.7687759828170774,
                0.3093369139875691,
                -0.5599906088986796,
                0.49627633030269214
            ],
            [
                0.14056504141250067,
                -0.7724802352491179,
                -0.6197062794601885,
                0.9814870833971703
            ],
            [
                -0.6241905525363605,
                -0.5550719340639338,
                0.5502950310764256,
                -0.41341228487467335
            ],
            [
                0.0,
                0.0,
                0.0,
                1.0
            ]
        ],
        [
