{
    "trj_id": [
        0,
        248,
        263,
        374,
        398
    ],
    "trj_est": [
        [
            [
                -0.9999229430950869,
                -0.0005286588459600664,
                -0.012405907711463842,
                0.23534228057555753
            ],
            [
                0.011069159369720976,
                -0.49067039020211445,
                -0.8712747004526623,
                1.3377414965179857
            ],
            [
                -0.0056266254280600185,
                -0.8713445545486082,
                0.49063858007025984,
                -0.6233133621473551
            ],
            [
                0.0,
                0.0,
                0.0,
                1.0
            ]
        ],
        [
            [
                -0.9980155749901,
                -0.061325588099404194,
                0.014491319926454416,
                0.23599720014683515
            ],
            [
                0.01952752704432251,
                -0.519792185391408,
                -0.854119769647878,
                1.354820301282663
            ],
            [
                0.05991864667957448,
                -0.8521512945712575,
                0.5199537605003679,
                -0.6088813911572966
            ],
            [
                0.0,
                0.0,
                0.0,
                1.0
            ]
        ],
        [
            [
                -0.9952883066612611,
                -0.0912084999476964,
                0.03313770660945857,
                0.23555584449644967
            ],
            [
                0.021930414471329988,
                -0.5441478561209567,
                -0.8387615393045451,
                1.3704934087695158
            ],
            [
                0.09453933339026936,
                -0.8340916540497291,
                0.543575735450028,
                -0.5943902368273605
            ],
            [
                0.0,
                0.0,
                0.0,
                1.0
            ]
        ],
        [
            [
                -0.9979924505899119,
                -0.056385600420720355,
                0.029534105972974723,
                0.25418443433695137
            ],
            [
                0.007531004844113606,
                -0.5654853993983021,
                -0.82481942247347,
                1.2863386329630597
            ],
            [
                0.06320993278659585,
                -0.8229480273759013,
                0.5647452906260272,
                -0.5610866385674997
            ],
            [
                0.0,
                0.0,
                0.0,
                1.0
            ]
        ],
        [
            [
                -0.9985261428438261,
                -0.04777152946069056,
                0.026718314241033585,
                0.2577215174485203
            ],
            [
                0.0050155551584994225,
                -0.5661179364609876,
                -0.8244103387241977,
                1.251923746114666
            ],
            [
                0.05451012594897487,
                -0.8230681558997561,
                0.5654883697823007,
                -0.5648150200440645
            ],
            [
                0.0,
                0.0,
                0.0,
                1.0
            ]
        ]
    ],
    "trj_gt": [
        [
            [
                -0.9999229430950869,
                -0.0005286588459600664,
                -0.012405907711463842,
                0.23534228057555753
            ],
            [
                0.011069159369720976,
                -0.49067039020211445,
                -0.8712747004526623,
                1.3377414965179857
            ],
            [
                -0.0056266254280600185,
                -0.8713445545486082,
                0.49063858007025984,
                -0.6233133621473551
            ],
            [
                0.0,
                0.0,
                0.0,
                1.0
            ]
        ],
        [
            [
                -0.997200190051195,
                -0.0721170115911787,
                0.019773559809800712,
                0.23558139266167405
            ],
            [
                0.021204507699475877,
                -0.526278360219484,
                -0.8500476413711457,
                1.3586141764918997
            ],
            [
                0.07170932398149735,
                -0.847248055911981,
                0.5263342475843487,
                -0.6069303719827772
            ],
            [
                0.0,
                0.0,
                0.0,
                1.0
            ]
        ],
        [
            [
                -0.9948796829488147,
                -0.09486152400187632,
                0.034868041275669504,
                0.23548840705949117
            ],
            [
                0.02297397832589476,
                -0.5482343112565172,
                -0.8360088852500506,
                1.3738766414860406
            ],
            [
                0.09842098407528316,
                -0.830926877208769,
                0.5476066927357156,
                -0.5921673276952882
            ],
            [
                0.0,
                0.0,
                0.0,
                1.0
            ]
        ],
        [
            [
                -0.9979890654172828,
                -0.05667127817462502,
                0.028394854124518275,
                0.2551478014777492
            ],
            [
                0.008539869797620107,
                -0.5640869342719386,
                -0.8256709455862341,
                1.2833737568853194
            ],
            [
                0.06280902213995998,
                -0.8237677711931454,
                0.5634367296532623,
                -0.5598077357918414
            ],
            [
                0.0,
                0.0,
                0.0,
                1.0
            ]
        ],
        [
            [
                -0.9986024822338793,
                -0.04638182629007702,
                0.025335458036970706,
                0.25855243517742976
            ],
            [
                0.005378526598106724,
                -0.5660808821489987,
                -0.8243318592999582,
                1.247822692006301
            ],
            [
                0.052575957040912925,
                -0.8230432583395547,
                0.5655394122052971,
                -0.5628150840455849
            ],
            [
                0.0,
                0.0,
                0.0,
                1.0
            ]
        ]
    ]
}