{
    "trj_id": [
        0,
        248,
        263,
        374,
        398,
        420,
        470,
        513,
        532,
        549,
        575,
        602,
        620,
        641,
        665
    ],
    "trj_est": [
        [
            [
                -0.9999229430950869,
                -0.0005286588459600664,
                -0.012405907711463842,
                0.23534228057555753
            ],
            [
                0.011069159369720976,
                -0.49067039020211445,
                -0.8712747004526623,
                1.3377414965179857
            ],
            [
                -0.0056266254280600185,
                -0.8713445545486082,
                0.49063858007025984,
                -0.6233133621473551
            ],
            [
                0.0,
                0.0,
                0.0,
                1.0
            ]
        ],
        [
            [
                -0.9980248262938902,
                -0.06116963127613296,
                0.014507688233353152,
                0.2360079710495587
            ],
            [
                0.019429899420420085,
                -0.5197633558133707,
                -0.8541396396909057,
                1.3547838094742948
            ],
            [
                0.05979471604404626,
                -0.8521798626464788,
                0.519920476033577,
                -0.6088928480575541
            ],
            [
                0.0,
                0.0,
                0.0,
                1.0
            ]
        ],
        [
            [
                -0.9952806591202121,
                -0.09127593958874097,
                0.03317708320400686,
                0.2355175645195518
            ],
            [
                0.0218913892366356,
                -0.5437714425209942,
                -0.8390071382921638,
                1.3704583353528792
            ],
            [
                0.09462716279483595,
                -0.8343300211337507,
                0.543195348423021,
                -0.5945578737870812
            ],
            [
                0.0,
                0.0,
                0.0,
                1.0
            ]
        ],
        [
            [
                -0.9980028117040393,
                -0.05619314886636879,
                0.0294938826282005,
                0.25407672673147336
            ],
            [
                0.007460474630952397,
                -0.5655661687671572,
                -0.8247657817717842,
                1.2862223985270482
            ],
            [
                0.0630280720811223,
                -0.8229063802528144,
                0.5648279690625967,
                -0.5610310974376597
            ],
            [
                0.0,
                0.0,
                0.0,
                1.0
            ]
        ],
        [
            [
                -0.9985380756192087,
                -0.047475444620630414,
                0.026702803563392875,
                0.25778357162660426
            ],
            [
                0.004857831612256938,
                -0.566095786941359,
                -0.824425889595711,
                1.2517338764229786
            ],
            [
                0.054257959653587484,
                -0.8230996290418482,
                0.5654672182233335,
                -0.5646052136011074
            ],
            [
                0.0,
                0.0,
                0.0,
                1.0
            ]
        ],
        [
            [
                -0.9991743873926334,
                -0.03453689657124686,
                0.022565290284775025,
                0.25618296363847004
            ],
            [
                0.0009757941607239472,
                -0.5668503653673084,
                -0.8239243442960222,
                1.2180560254101298
            ],
            [
                0.04124841974240239,
                -0.8232322142054472,
                0.5663816045351394,
                -0.5651671478158721
            ],
            [
                0.0,
                0.0,
                0.0,
                1.0
            ]
        ],
        [
            [
                -0.9997896533249524,
                0.0011580171245816032,
                0.02184062466251553,
                0.20937805658537284
            ],
            [
                -0.01867823468874597,
                -0.5657375271179347,
                -0.824494199335195,
                1.1859163612087216
            ],
            [
                0.011402794068420593,
                -0.8247356475721661,
                0.5656048791068118,
                -0.5453846230731865
            ],
            [
                0.0,
                0.0,
                0.0,
                1.0
            ]
        ],
        [
            [
                -0.9946647699684752,
                0.044221689965515155,
                0.09355348371362439,
                0.16213859035945286
            ],
            [
                -0.10282442571124621,
                -0.5254249621070511,
                -0.8447346161903403,
                1.1935854599430247
            ],
            [
                0.011798141697243069,
                -0.8498479250470649,
                0.5271313302077303,
                -0.5311901770539798
            ],
            [
                0.0,
                0.0,
                0.0,
                1.0
            ]
        ],
        [
            [
                -0.9847565474476155,
                0.0529236034362123,
                0.16589661939872424,
                0.14007243163330252
            ],
            [
                -0.17068279232142608,
                -0.4828035447803492,
                -0.8590678896753612,
                1.2003776434118347
            ],
            [
                0.034625146608377025,
                -0.8742851844008008,
                0.48444124331102667,
                -0.5253765616427688
            ],
            [
                0.0,
                0.0,
                0.0,
                1.0
            ]
        ],
        [
            [
                -0.9728335744680263,
                0.0561562402594305,
                0.224753013043859,
                0.11546497553958618
            ],
            [
                -0.22602526178655613,
                -0.4434093823494982,
                -0.8674906344799731,
                1.2076526114057808
            ],
            [
                0.05093504666186467,
                -0.8947164152638883,
                0.4440194511949383,
                -0.5182878489192053
            ],
            [
                0.0,
                0.0,
                0.0,
                1.0
            ]
        ],
        [
            [
                -0.9667220128188079,
                0.06373409409453888,
                0.2479278839272722,
                0.07999788651745873
            ],
            [
                -0.25158240173808727,
                -0.41619663645206767,
                -0.8739187125190223,
                1.215903781015015
            ],
            [
                0.0474807190154375,
                -0.9071975880793743,
                0.41834137083031087,
                -0.5027503898356581
            ],
            [
                0.0,
                0.0,
                0.0,
                1.0
            ]
        ],
        [
            [
                -0.968981849292345,
                0.07836909901391519,
                0.23457479816041413,
                0.10380296141505829
            ],
            [
                -0.2461167881893302,
                -0.4005110177821178,
                -0.8827677928639508,
                1.2120608513755955
            ],
            [
                0.024762394696295764,
                -0.913094993199393,
                0.40733649054846555,
                -0.4735617911309067
            ],
            [
                0.0,
                0.0,
                0.0,
                1.0
            ]
        ],
        [
            [
                -0.9749057739585801,
                0.09273256011955618,
                0.202629184465855,
                0.13689908490843666
            ],
            [
                -0.22287226457926337,
                -0.398258441156769,
                -0.889937929319915,
                1.205301838868123
            ],
            [
                -0.0018301323350469211,
                -0.9127368535463962,
                0.40889176943184935,
                -0.4628669739431352
            ],
            [
                0.0,
                0.0,
                0.0,
                1.0
            ]
        ],
        [
            [
                -0.9820078011699734,
                0.10988637415745586,
                0.15391718066298546,
                0.1698194321482596
            ],
            [
                -0.18560731043526002,
                -0.40303560774663333,
                -0.8963218132652535,
                1.198296105185543
            ],
            [
                -0.036459477490097356,
                -0.9087280377287308,
                0.41613914814977604,
                -0.4537149892775632
            ],
            [
                0.0,
                0.0,
                0.0,
                1.0
            ]
        ],
        [
            [
                -0.9872181030138538,
                0.12580577466103712,
                0.09842012983337504,
                0.2019415001700121
            ],
            [
                -0.142181482216965,
                -0.4109540929810172,
                -0.9006595981011553,
                1.1916635377386826
            ],
            [
                -0.07285954214935597,
                -0.9031057257734787,
                0.4235463104152431,
                -0.4454511565288191
            ],
            [
                0.0,
                0.0,
                0.0,
                1.0
            ]
        ]
    ],
    "trj_gt": [
        [
            [
                -0.9999229430950869,
                -0.0005286588459600664,
                -0.012405907711463842,
                0.23534228057555753
            ],
            [
                0.011069159369720976,
                -0.49067039020211445,
                -0.8712747004526623,
                1.3377414965179857
            ],
            [
                -0.0056266254280600185,
                -0.8713445545486082,
                0.49063858007025984,
                -0.6233133621473551
            ],
            [
                0.0,
                0.0,
                0.0,
                1.0
            ]
        ],
        [
            [
                -0.997200190051195,
                -0.0721170115911787,
                0.019773559809800712,
                0.23558139266167405
            ],
            [
                0.021204507699475877,
                -0.526278360219484,
                -0.8500476413711457,
                1.3586141764918997
            ],
            [
                0.07170932398149735,
                -0.847248055911981,
                0.5263342475843487,
                -0.6069303719827772
            ],
            [
                0.0,
                0.0,
                0.0,
                1.0
            ]
        ],
        [
            [
                -0.9948796829488147,
                -0.09486152400187632,
                0.034868041275669504,
                0.23548840705949117
            ],
            [
                0.02297397832589476,
                -0.5482343112565172,
                -0.8360088852500506,
                1.3738766414860406
            ],
            [
                0.09842098407528316,
                -0.830926877208769,
                0.5476066927357156,
                -0.5921673276952882
            ],
            [
                0.0,
                0.0,
                0.0,
                1.0
            ]
        ],
        [
            [
                -0.9979890654172828,
                -0.05667127817462502,
                0.028394854124518275,
                0.2551478014777492
            ],
            [
                0.008539869797620107,
                -0.5640869342719386,
                -0.8256709455862341,
                1.2833737568853194
            ],
            [
                0.06280902213995998,
                -0.8237677711931454,
                0.5634367296532623,
                -0.5598077357918414
            ],
            [
                0.0,
                0.0,
                0.0,
                1.0
            ]
        ],
        [
            [
                -0.9986024822338793,
                -0.04638182629007702,
                0.025335458036970706,
                0.25855243517742976
            ],
            [
                0.005378526598106724,
                -0.5660808821489987,
                -0.8243318592999582,
                1.247822692006301
            ],
            [
                0.052575957040912925,
                -0.8230432583395547,
                0.5655394122052971,
                -0.5628150840455849
            ],
            [
                0.0,
                0.0,
                0.0,
                1.0
            ]
        ],
        [
            [
                -0.9991493826134145,
                -0.03453659526765004,
                0.02253468188894189,
                0.2562128736800307
            ],
            [
                0.0009677662761422343,
                -0.5659391385787719,
                -0.8244461555077964,
                1.2147690378595224
            ],
            [
                0.04122683570766671,
                -0.8237227440436611,
                0.5654913361219258,
                -0.5628436135660271
            ],
            [
                0.0,
                0.0,
                0.0,
                1.0
            ]
        ],
        [
            [
                -0.9997121208588764,
                0.0010763272192439947,
                0.02397065613857139,
                0.20752572284027668
            ],
            [
                -0.020415712200379188,
                -0.5630561043718927,
                -0.8261661666965847,
                1.1875839177864291
            ],
            [
                0.012607594298583708,
                -0.8264173938707048,
                0.5629161563665928,
                -0.5423718357136643
            ],
            [
                0.0,
                0.0,
                0.0,
                1.0
            ]
        ],
        [
            [
                -0.9930807665866135,
                0.04347663739631729,
                0.10908910847848834,
                0.15861204536498152
            ],
            [
                -0.1157738268816756,
                -0.5180979268570299,
                -0.8474494197851515,
                1.1969966903362697
            ],
            [
                0.01967458705325397,
                -0.8542150573654973,
                0.5195467002739611,
                -0.5278279171394322
            ],
            [
                0.0,
                0.0,
                0.0,
                1.0
            ]
        ],
        [
            [
                -0.9821463109132433,
                0.050293190307330926,
                0.18127125069465067,
                0.13611975328253903
            ],
            [
                -0.1832221794443013,
                -0.47416466091505843,
                -0.8611603277485247,
                1.2040310726221117
            ],
            [
                0.0426419306550145,
                -0.8789980167160792,
                0.47491404488815986,
                -0.5223179189179444
            ],
            [
                0.0,
                0.0,
                0.0,
                1.0
            ]
        ],
        [
            [
                -0.970967330912914,
                0.05109507166048798,
                0.23369161792062826,
                0.11214426479557081
            ],
            [
                -0.2321561825916056,
                -0.4368044812146757,
                -0.8690828437337664,
                1.2113006255973895
            ],
            [
                0.05767171330162845,
                -0.8981036593208886,
                0.4359850512226897,
                -0.515556877501172
            ],
            [
                0.0,
                0.0,
                0.0,
                1.0
            ]
        ],
        [
            [
                -0.9659900175704117,
                0.06024941673599735,
                0.25146237144438777,
                0.0768764953204316
            ],
            [
                -0.2535872027818713,
                -0.4109013799213663,
                -0.8757015724292078,
                1.219872456291931
            ],
            [
                0.0505657381077496,
                -0.9096862688886054,
                0.41220523800767,
                -0.49882823623563444
            ],
            [
                0.0,
                0.0,
                0.0,
                1.0
            ]
        ],
        [
            [
                -0.9694963063669688,
                0.07490933864847922,
                0.23337852188207275,
                0.10849449785475565
            ],
            [
                -0.243616603913366,
                -0.399306557824707,
                -0.8838579547845905,
                1.2145152439793017
            ],
            [
                0.026980355248259293,
                -0.9137515569914032,
                0.4053755144758029,
                -0.46990097954273663
            ],
            [
                0.0,
                0.0,
                0.0,
                1.0
            ]
        ],
        [
            [
                -0.9757171426385763,
                0.09118417298284229,
                0.19915204995021682,
                0.14151884263145678
            ],
            [
                -0.21902816111370105,
                -0.39923429132117877,
                -0.8903023645090853,
                1.207701432769891
            ],
            [
                -0.001673179955068458,
                -0.9123028396719446,
                0.4095117668621258,
                -0.4599160086573257
            ],
            [
                0.0,
                0.0,
                0.0,
                1.0
            ]
        ],
        [
            [
                -0.9828505149236113,
                0.10894624790416935,
                0.14878044070065724,
                0.17385614995644222
            ],
            [
                -0.18057700018375844,
                -0.40509234706608754,
                -0.8962654631248604,
                1.2006060325703456
            ],
            [
                -0.03737498695420349,
                -0.907760953918417,
                0.41781853300551397,
                -0.45098944076652087
            ],
            [
                0.0,
                0.0,
                0.0,
                1.0
            ]
        ],
        [
            [
                -0.9876946244456144,
                0.12473331666012723,
                0.09434495673830481,
                0.20563351486053555
            ],
            [
                -0.1381945484312474,
                -0.41362791296568546,
                -0.8998965752642137,
                1.1939387559916843
            ],
            [
                -0.07322344539777,
                -0.9018606285748361,
                0.42577565620191193,
                -0.4431612537952182
            ],
            [
                0.0,
                0.0,
                0.0,
                1.0
            ]
        ]
    ]
}