{
    "trj_id": [
        0,
        248,
        263,
        374,
        398,
        420,
        470,
        513,
        532,
        549
    ],
    "trj_est": [
        [
            [
                -0.9999229430950869,
                -0.0005286588459600664,
                -0.012405907711463842,
                0.23534228057555753
            ],
            [
                0.011069159369720976,
                -0.49067039020211445,
                -0.8712747004526623,
                1.3377414965179857
            ],
            [
                -0.0056266254280600185,
                -0.8713445545486082,
                0.49063858007025984,
                -0.6233133621473551
            ],
            [
                0.0,
                0.0,
                0.0,
                1.0
            ]
        ],
        [
            [
                -0.9980248262938902,
                -0.06116963127613296,
                0.014507688233353152,
                0.2360079710495587
            ],
            [
                0.019429899420420085,
                -0.5197633558133707,
                -0.8541396396909057,
                1.3547838094742948
            ],
            [
                0.05979471604404626,
                -0.8521798626464788,
                0.519920476033577,
                -0.6088928480575541
            ],
            [
                0.0,
                0.0,
                0.0,
                1.0
            ]
        ],
        [
            [
                -0.9952806591202121,
                -0.09127593958874097,
                0.03317708320400686,
                0.2355175645195518
            ],
            [
                0.0218913892366356,
                -0.5437714425209942,
                -0.8390071382921638,
                1.3704583353528792
            ],
            [
                0.09462716279483595,
                -0.8343300211337507,
                0.543195348423021,
                -0.5945578737870812
            ],
            [
                0.0,
                0.0,
                0.0,
                1.0
            ]
        ],
        [
            [
                -0.9980028117040393,
                -0.05619314886636879,
                0.0294938826282005,
                0.25407672673147336
            ],
            [
                0.007460474630952397,
                -0.5655661687671572,
                -0.8247657817717842,
                1.2862223985270482
            ],
            [
                0.0630280720811223,
                -0.8229063802528144,
                0.5648279690625967,
                -0.5610310974376597
            ],
            [
                0.0,
                0.0,
                0.0,
                1.0
            ]
        ],
        [
            [
                -0.9985380756192087,
                -0.047475444620630414,
                0.026702803563392875,
                0.25778357162660426
            ],
            [
                0.004857831612256938,
                -0.566095786941359,
                -0.824425889595711,
                1.2517338764229786
            ],
            [
                0.054257959653587484,
                -0.8230996290418482,
                0.5654672182233335,
                -0.5646052136011074
            ],
            [
                0.0,
                0.0,
                0.0,
                1.0
            ]
        ],
        [
            [
                -0.9991743873926334,
                -0.03453689657124686,
                0.022565290284775025,
                0.25618296363847004
            ],
            [
                0.0009757941607239472,
                -0.5668503653673084,
                -0.8239243442960222,
                1.2180560254101298
            ],
            [
                0.04124841974240239,
                -0.8232322142054472,
                0.5663816045351394,
                -0.5651671478158721
            ],
            [
                0.0,
                0.0,
                0.0,
                1.0
            ]
        ],
        [
            [
                -0.9997883658354701,
                0.00126241676111677,
                0.02189424487811686,
                0.20935544169468995
            ],
            [
                -0.018781336275533578,
                -0.565749012034776,
                -0.8244841214027321,
                1.185936190145767
            ],
            [
                0.011347279596362852,
                -0.8247278033399332,
                0.5656174385631374,
                -0.5453825786858614
            ],
            [
                0.0,
                0.0,
                0.0,
                1.0
            ]
        ],
        [
            [
                -0.9946559280443136,
                0.044217177550067696,
                0.09364955590976087,
                0.1621193629692429
            ],
            [
                -0.10290361408656708,
                -0.5254156910750541,
                -0.8447306930086705,
                1.1935975741542604
            ],
            [
                0.011851546800756986,
                -0.8498538660471474,
                0.5271202793916642,
                -0.5311209255625736
            ],
            [
                0.0,
                0.0,
                0.0,
                1.0
            ]
        ],
        [
            [
                -0.9847759252414908,
                0.05286970619172498,
                0.16580176855988682,
                0.14014524498221612
            ],
            [
                -0.17054743514553508,
                -0.48346146899415654,
                -0.8587250395642286,
                1.2002379049524317
            ],
            [
                0.03475239384433339,
                -0.8739255226185777,
                0.48508159964270603,
                -0.525626769233628
            ],
            [
                0.0,
                0.0,
                0.0,
                1.0
            ]
        ],
        [
            [
                -0.9733963583413952,
                0.05661088425361493,
                0.22218802909801677,
                0.11671566894781155
            ],
            [
                -0.22380073284022406,
                -0.4458945370707651,
                -0.8667926790525616,
                1.2072996098371216
            ],
            [
                0.04999480800196786,
                -0.8934514095833775,
                0.4466647962638509,
                -0.5193957106618451
            ],
            [
                0.0,
                0.0,
                0.0,
                1.0
            ]
        ]
    ],
    "trj_gt": [
        [
            [
                -0.9999229430950869,
                -0.0005286588459600664,
                -0.012405907711463842,
                0.23534228057555753
            ],
            [
                0.011069159369720976,
                -0.49067039020211445,
                -0.8712747004526623,
                1.3377414965179857
            ],
            [
                -0.0056266254280600185,
                -0.8713445545486082,
                0.49063858007025984,
                -0.6233133621473551
            ],
            [
                0.0,
                0.0,
                0.0,
                1.0
            ]
        ],
        [
            [
                -0.997200190051195,
                -0.0721170115911787,
                0.019773559809800712,
                0.23558139266167405
            ],
            [
                0.021204507699475877,
                -0.526278360219484,
                -0.8500476413711457,
                1.3586141764918997
            ],
            [
                0.07170932398149735,
                -0.847248055911981,
                0.5263342475843487,
                -0.6069303719827772
            ],
            [
                0.0,
                0.0,
                0.0,
                1.0
            ]
        ],
        [
            [
                -0.9948796829488147,
                -0.09486152400187632,
                0.034868041275669504,
                0.23548840705949117
            ],
            [
                0.02297397832589476,
                -0.5482343112565172,
                -0.8360088852500506,
                1.3738766414860406
            ],
            [
                0.09842098407528316,
                -0.830926877208769,
                0.5476066927357156,
                -0.5921673276952882
            ],
            [
                0.0,
                0.0,
                0.0,
                1.0
            ]
        ],
        [
            [
                -0.9979890654172828,
                -0.05667127817462502,
                0.028394854124518275,
                0.2551478014777492
            ],
            [
                0.008539869797620107,
                -0.5640869342719386,
                -0.8256709455862341,
                1.2833737568853194
            ],
            [
                0.06280902213995998,
                -0.8237677711931454,
                0.5634367296532623,
                -0.5598077357918414
            ],
            [
                0.0,
                0.0,
                0.0,
                1.0
            ]
        ],
        [
            [
                -0.9986024822338793,
                -0.04638182629007702,
                0.025335458036970706,
                0.25855243517742976
            ],
            [
                0.005378526598106724,
                -0.5660808821489987,
                -0.8243318592999582,
                1.247822692006301
            ],
            [
                0.052575957040912925,
                -0.8230432583395547,
                0.5655394122052971,
                -0.5628150840455849
            ],
            [
                0.0,
                0.0,
                0.0,
                1.0
            ]
        ],
        [
            [
                -0.9991493826134145,
                -0.03453659526765004,
                0.02253468188894189,
                0.2562128736800307
            ],
            [
                0.0009677662761422343,
                -0.5659391385787719,
                -0.8244461555077964,
                1.2147690378595224
            ],
            [
                0.04122683570766671,
                -0.8237227440436611,
                0.5654913361219258,
                -0.5628436135660271
            ],
            [
                0.0,
                0.0,
                0.0,
                1.0
            ]
        ],
        [
            [
                -0.9997121208588764,
                0.0010763272192439947,
                0.02397065613857139,
                0.20752572284027668
            ],
            [
                -0.020415712200379188,
                -0.5630561043718927,
                -0.8261661666965847,
                1.1875839177864291
            ],
            [
                0.012607594298583708,
                -0.8264173938707048,
                0.5629161563665928,
                -0.5423718357136643
            ],
            [
                0.0,
                0.0,
                0.0,
                1.0
            ]
        ],
        [
            [
                -0.9930807665866135,
                0.04347663739631729,
                0.10908910847848834,
                0.15861204536498152
            ],
            [
                -0.1157738268816756,
                -0.5180979268570299,
                -0.8474494197851515,
                1.1969966903362697
            ],
            [
                0.01967458705325397,
                -0.8542150573654973,
                0.5195467002739611,
                -0.5278279171394322
            ],
            [
                0.0,
                0.0,
                0.0,
                1.0
            ]
        ],
        [
            [
                -0.9821463109132433,
                0.050293190307330926,
                0.18127125069465067,
                0.13611975328253903
            ],
            [
                -0.1832221794443013,
                -0.47416466091505843,
                -0.8611603277485247,
                1.2040310726221117
            ],
            [
                0.0426419306550145,
                -0.8789980167160792,
                0.47491404488815986,
                -0.5223179189179444
            ],
            [
                0.0,
                0.0,
                0.0,
                1.0
            ]
        ],
        [
            [
                -0.970967330912914,
                0.05109507166048798,
                0.23369161792062826,
                0.11214426479557081
            ],
            [
                -0.2321561825916056,
                -0.4368044812146757,
                -0.8690828437337664,
                1.2113006255973895
            ],
            [
                0.05767171330162845,
                -0.8981036593208886,
                0.4359850512226897,
                -0.515556877501172
            ],
            [
                0.0,
                0.0,
                0.0,
                1.0
            ]
        ]
    ]
}