{
    "trj_id": [
        0,
        106,
        121,
        207,
        233
    ],
    "trj_est": [
        [
            [
                -0.9999199162563441,
                -0.0006922142587523313,
                -0.012639623957103824,
                0.2353197022442336
            ],
            [
                0.01135157884754263,
                -0.49089964818834,
                -0.8711419164790345,
                1.337725786870856
            ],
            [
                -0.005601790996921777,
                -0.8712153007671333,
                0.49086834050266476,
                -0.6233114927340009
            ],
            [
                0.0,
                0.0,
                0.0,
                1.0
            ]
        ],
        [
            [
                -0.9982436748242938,
                -0.0579518938998023,
                0.012435570807630934,
                0.2360726484428722
            ],
            [
                0.01942294022702026,
                -0.5181074705125692,
                -0.8551210132129544,
                1.3531163604977148
            ],
            [
                0.05599966023762701,
                -0.8533747548849675,
                0.5183183504288911,
                -0.6103492845019004
            ],
            [
                0.0,
                0.0,
                0.0,
                1.0
            ]
        ],
        [
            [
                -0.9951324210215939,
                -0.0925037871604676,
                0.03406701191582676,
                0.23547330000854255
            ],
            [
                0.022161419395412264,
                -0.5467022171657387,
                -0.8370670150113071,
                1.3709961837477718
            ],
            [
                0.09605636119023736,
                -0.832236632935636,
                0.546085835285181,
                -0.5938813801447601
            ],
            [
                0.0,
                0.0,
                0.0,
                1.0
            ]
        ],
        [
            [
                -0.9975904793786498,
                -0.062388610321382154,
                0.03071501202927629,
                0.24934352420204747
            ],
            [
                0.009962744237214131,
                -0.5654179378716121,
                -0.8248045433573447,
                1.3151008118845526
            ],
            [
                0.06882167315935392,
                -0.8225083581039097,
                0.5646622845364226,
                -0.5595755414556602
            ],
            [
                0.0,
                0.0,
                0.0,
                1.0
            ]
        ],
        [
            [
                -0.9981727985520394,
                -0.05376765301990996,
                0.028061407269531685,
                0.25535849029327484
            ],
            [
                0.007291483073513264,
                -0.5657756050702183,
                -0.8245954063761115,
                1.2746214885005407
            ],
            [
                0.06020956291268712,
                -0.8228792688085741,
                0.5651193280921648,
                -0.5644008578624029
            ],
            [
                0.0,
                0.0,
                0.0,
                1.0
            ]
        ]
    ],
    "trj_gt": [
        [
            [
                -0.9999199162563441,
                -0.0006922142587523313,
                -0.012639623957103824,
                0.2353197022442336
            ],
            [
                0.01135157884754263,
                -0.49089964818834,
                -0.8711419164790345,
                1.337725786870856
            ],
            [
                -0.005601790996921777,
                -0.8712153007671333,
                0.49086834050266476,
                -0.6233114927340009
            ],
            [
                0.0,
                0.0,
                0.0,
                1.0
            ]
        ],
        [
            [
                -0.9974896558974308,
                -0.06848218674546881,
                0.018018127883132333,
                0.23558329387242585
            ],
            [
                0.020618051075568397,
                -0.5242954510109166,
                -0.8512865050453338,
                1.3573598435315963
            ],
            [
                0.06774481292520178,
                -0.8487776588663262,
                0.5243914185450319,
                -0.6080040382329757
            ],
            [
                0.0,
                0.0,
                0.0,
                1.0
            ]
        ],
        [
            [
                -0.994826613834567,
                -0.09527073725944206,
                0.0352642528021382,
                0.23541481628545285
            ],
            [
                0.023124960318584895,
                -0.5503930390661875,
                -0.8345850807813171,
                1.3756767945453428
            ],
            [
                0.09892078622571043,
                -0.8294516460965708,
                0.5497489443918301,
                -0.5900706953241476
            ],
            [
                0.0,
                0.0,
                0.0,
                1.0
            ]
        ],
        [
            [
                -0.9976464947059642,
                -0.06182859535218486,
                0.02964409313540817,
                0.2506245881911867
            ],
            [
                0.010376238306951587,
                -0.5634871713834796,
                -0.826059350672477,
                1.3120619110819307
            ],
            [
                0.06777818683249,
                -0.8238073054578987,
                0.5628027215260488,
                -0.5567943497131542
            ],
            [
                0.0,
                0.0,
                0.0,
                1.0
            ]
        ],
        [
            [
                -0.9982412780369316,
                -0.05288943177647892,
                0.026779382161221554,
                0.2567755091664119
            ],
            [
                0.007796743680443177,
                -0.5649292272297963,
                -0.8251022285803838,
                1.2696530290364072
            ],
            [
                0.0587676691895685,
                -0.8234419956928896,
                0.5643482112411886,
                -0.5611029143771007
            ],
            [
                0.0,
                0.0,
                0.0,
                1.0
            ]
        ]
    ]
}