{
    "trj_id": [
        0,
        106,
        121,
        207,
        233,
        251,
        268,
        285,
        318,
        349
    ],
    "trj_est": [
        [
            [
                -0.9999199162563441,
                -0.0006922142587523313,
                -0.012639623957103824,
                0.2353197022442336
            ],
            [
                0.01135157884754263,
                -0.49089964818834,
                -0.8711419164790345,
                1.337725786870856
            ],
            [
                -0.005601790996921777,
                -0.8712153007671333,
                0.49086834050266476,
                -0.6233114927340009
            ],
            [
                0.0,
                0.0,
                0.0,
                1.0
            ]
        ],
        [
            [
                -0.9982436748242938,
                -0.0579518938998023,
                0.012435570807630934,
                0.2360726484428722
            ],
            [
                0.01942294022702026,
                -0.5181074705125692,
                -0.8551210132129544,
                1.3531163604977148
            ],
            [
                0.05599966023762701,
                -0.8533747548849675,
                0.5183183504288911,
                -0.6103492845019004
            ],
            [
                0.0,
                0.0,
                0.0,
                1.0
            ]
        ],
        [
            [
                -0.9951454080058921,
                -0.0923039497901808,
                0.03421563862995317,
                0.23541108368718233
            ],
            [
                0.021924790244723085,
                -0.5466904424610399,
                -0.8370806125678852,
                1.3712813554560979
            ],
            [
                0.09597151757794102,
                -0.8322661597823394,
                0.5460548687228647,
                -0.5938375233577219
            ],
            [
                0.0,
                0.0,
                0.0,
                1.0
            ]
        ],
        [
            [
                -0.997602481109246,
                -0.062115489468156905,
                0.030839213103533745,
                0.24936422568275465
            ],
            [
                0.009707961077240026,
                -0.5654500917966577,
                -0.8247852007612758,
                1.3149756336627574
            ],
            [
                0.0686671116966634,
                -0.8225071105478516,
                0.5646825214622676,
                -0.5592971214795983
            ],
            [
                0.0,
                0.0,
                0.0,
                1.0
            ]
        ],
        [
            [
                -0.9981586495725633,
                -0.05392073050932467,
                0.02821115639202721,
                0.25557651806692927
            ],
            [
                0.007263492061492713,
                -0.5658885597192046,
                -0.8245169338576952,
                1.2738204221912315
            ],
            [
                0.060419964078015184,
                -0.8227901352182648,
                0.5652247211767298,
                -0.5639608464511436
            ],
            [
                0.0,
                0.0,
                0.0,
                1.0
            ]
        ],
        [
            [
                -0.9985485416035592,
                -0.04734952397379562,
                0.026221309442027003,
                0.25760905976795173
            ],
            [
                0.0052069362443520634,
                -0.566304666084029,
                -0.8242509216557666,
                1.2506524679969953
            ],
            [
                0.05387379473407977,
                -0.8229135039701982,
                0.5657140482037731,
                -0.5660507121397681
            ],
            [
                0.0,
                0.0,
                0.0,
                1.0
            ]
        ],
        [
            [
                -0.9989945741393641,
                -0.038672483440347245,
                0.02332121104112581,
                0.25692409154836204
            ],
            [
                0.002723150217531556,
                -0.5671305673329542,
                -0.8237023411284337,
                1.2274998575110483
            ],
            [
                0.04507724375015869,
                -0.822805873157872,
                0.5666478093689813,
                -0.5668424810954332
            ],
            [
                0.0,
                0.0,
                0.0,
                1.0
            ]
        ],
        [
            [
                -0.9994586786290637,
                -0.026209981415233743,
                0.02067328034818058,
                0.2465480556546975
            ],
            [
                -0.002163468457148503,
                -0.5672399756318367,
                -0.8236332003724152,
                1.201362110373085
            ],
            [
                0.0333110729199613,
                -0.8232334316324523,
                0.5668554368908996,
                -0.5617992953190515
            ],
            [
                0.0,
                0.0,
                0.0,
                1.0
            ]
        ],
        [
            [
                -0.9997945461480445,
                -0.004508285695952136,
                0.020665069991750943,
                0.21586632648241766
            ],
            [
                -0.014479666462710577,
                -0.5665085087203926,
                -0.8240268867867772,
                1.1887898173766493
            ],
            [
                0.015418494558326988,
                -0.8241564118887122,
                0.5663022777608833,
                -0.549081733177469
            ],
            [
                0.0,
                0.0,
                0.0,
                1.0
            ]
        ],
        [
            [
                -0.9987542716084767,
                0.026576184952822497,
                0.04272835754418529,
                0.1846513039300318
            ],
            [
                -0.05030056551396937,
                -0.5535204972103633,
                -0.8314223677445437,
                1.1913174446291246
            ],
            [
                0.001550756752287123,
                -0.8325334927025103,
                0.5541410890127368,
                -0.5386757090689562
            ],
            [
                0.0,
                0.0,
                0.0,
                1.0
            ]
        ]
    ],
    "trj_gt": [
        [
            [
                -0.9999199162563441,
                -0.0006922142587523313,
                -0.012639623957103824,
                0.2353197022442336
            ],
            [
                0.01135157884754263,
                -0.49089964818834,
                -0.8711419164790345,
                1.337725786870856
            ],
            [
                -0.005601790996921777,
                -0.8712153007671333,
                0.49086834050266476,
                -0.6233114927340009
            ],
            [
                0.0,
                0.0,
                0.0,
                1.0
            ]
        ],
        [
            [
                -0.9974896558974308,
                -0.06848218674546881,
                0.018018127883132333,
                0.23558329387242585
            ],
            [
                0.020618051075568397,
                -0.5242954510109166,
                -0.8512865050453338,
                1.3573598435315963
            ],
            [
                0.06774481292520178,
                -0.8487776588663262,
                0.5243914185450319,
                -0.6080040382329757
            ],
            [
                0.0,
                0.0,
                0.0,
                1.0
            ]
        ],
        [
            [
                -0.994826613834567,
                -0.09527073725944206,
                0.0352642528021382,
                0.23541481628545285
            ],
            [
                0.023124960318584895,
                -0.5503930390661875,
                -0.8345850807813171,
                1.3756767945453428
            ],
            [
                0.09892078622571043,
                -0.8294516460965708,
                0.5497489443918301,
                -0.5900706953241476
            ],
            [
                0.0,
                0.0,
                0.0,
                1.0
            ]
        ],
        [
            [
                -0.9976464947059642,
                -0.06182859535218486,
                0.02964409313540817,
                0.2506245881911867
            ],
            [
                0.010376238306951587,
                -0.5634871713834796,
                -0.826059350672477,
                1.3120619110819307
            ],
            [
                0.06777818683249,
                -0.8238073054578987,
                0.5628027215260488,
                -0.5567943497131542
            ],
            [
                0.0,
                0.0,
                0.0,
                1.0
            ]
        ],
        [
            [
                -0.9982412780369316,
                -0.05288943177647892,
                0.026779382161221554,
                0.2567755091664119
            ],
            [
                0.007796743680443177,
                -0.5649292272297963,
                -0.8251022285803838,
                1.2696530290364072
            ],
            [
                0.0587676691895685,
                -0.8234419956928896,
                0.5643482112411886,
                -0.5611029143771007
            ],
            [
                0.0,
                0.0,
                0.0,
                1.0
            ]
        ],
        [
            [
                -0.9987494046022737,
                -0.04371031780892408,
                0.024271625895096235,
                0.2584983760198535
            ],
            [
                0.004878073288630817,
                -0.5683378007610873,
                -0.8227805630111078,
                1.2457828060175924
            ],
            [
                0.04975850217193496,
                -0.8216328841921291,
                0.5678404351188061,
                -0.5628471191122981
            ],
            [
                0.0,
                0.0,
                0.0,
                1.0
            ]
        ],
        [
            [
                -0.9991114660690098,
                -0.035815276197556666,
                0.022217593705164324,
                0.25741410610541365
            ],
            [
                0.002016107176173713,
                -0.5671575982502584,
                -0.8236065210357512,
                1.2214749363033388
            ],
            [
                0.042098586818179504,
                -0.8228296110256811,
                0.5667260391809447,
                -0.5632503903879138
            ],
            [
                0.0,
                0.0,
                0.0,
                1.0
            ]
        ],
        [
            [
                -0.9994522498512649,
                -0.024624890085266166,
                0.02211090242666226,
                0.24518928527731468
            ],
            [
                -0.004255105442658834,
                -0.5669460001886818,
                -0.8237436707946947,
                1.1966211703532197
            ],
            [
                0.032820293656770694,
                -0.8233862348261154,
                0.5665308458221342,
                -0.5571039486890609
            ],
            [
                0.0,
                0.0,
                0.0,
                1.0
            ]
        ],
        [
            [
                -0.9997537770298777,
                0.0013392448230039253,
                0.02215101119566481,
                0.21315551425083695
            ],
            [
                -0.01901897815041671,
                -0.566022860635587,
                -0.8241698309432328,
                1.1876628680963128
            ],
            [
                0.011434208123320183,
                -0.824387876975392,
                0.5659091348568205,
                -0.5442481136849344
            ],
            [
                0.0,
                0.0,
                0.0,
                1.0
            ]
        ],
        [
            [
                -0.9983846228270272,
                0.028243824372172117,
                0.04930011597915316,
                0.18076266100976768
            ],
            [
                -0.05670530888358394,
                -0.5498040428005986,
                -0.8333663960383962,
                1.1913238206605077
            ],
            [
                0.0035679374646975064,
                -0.8348154556234176,
                0.5505176427389038,
                -0.5335646679367395
            ],
            [
                0.0,
                0.0,
                0.0,
                1.0
            ]
        ]
    ]
}