{
    "trj_id": [
        0,
        106,
        121,
        207,
        233,
        251,
        268,
        285,
        318,
        349,
        370,
        394,
        412,
        434,
        456,
        478,
        501,
        524,
        547,
        573,
        596,
        622,
        647,
        678,
        702,
        725,
        749,
        775,
        802,
        828
    ],
    "trj_est": [
        [
            [
                -0.9999199162563441,
                -0.0006922142587523313,
                -0.012639623957103824,
                0.2353197022442336
            ],
            [
                0.01135157884754263,
                -0.49089964818834,
                -0.8711419164790345,
                1.337725786870856
            ],
            [
                -0.005601790996921777,
                -0.8712153007671333,
                0.49086834050266476,
                -0.6233114927340009
            ],
            [
                0.0,
                0.0,
                0.0,
                1.0
            ]
        ],
        [
            [
                -0.9982436748242938,
                -0.0579518938998023,
                0.012435570807630934,
                0.2360726484428722
            ],
            [
                0.01942294022702026,
                -0.5181074705125692,
                -0.8551210132129544,
                1.3531163604977148
            ],
            [
                0.05599966023762701,
                -0.8533747548849675,
                0.5183183504288911,
                -0.6103492845019004
            ],
            [
                0.0,
                0.0,
                0.0,
                1.0
            ]
        ],
        [
            [
                -0.9951454080058921,
                -0.0923039497901808,
                0.03421563862995317,
                0.23541108368718233
            ],
            [
                0.021924790244723085,
                -0.5466904424610399,
                -0.8370806125678852,
                1.3712813554560979
            ],
            [
                0.09597151757794102,
                -0.8322661597823394,
                0.5460548687228647,
                -0.5938375233577219
            ],
            [
                0.0,
                0.0,
                0.0,
                1.0
            ]
        ],
        [
            [
                -0.997602481109246,
                -0.062115489468156905,
                0.030839213103533745,
                0.24936422568275465
            ],
            [
                0.009707961077240026,
                -0.5654500917966577,
                -0.8247852007612758,
                1.3149756336627574
            ],
            [
                0.0686671116966634,
                -0.8225071105478516,
                0.5646825214622676,
                -0.5592971214795983
            ],
            [
                0.0,
                0.0,
                0.0,
                1.0
            ]
        ],
        [
            [
                -0.9981586495725633,
                -0.05392073050932467,
                0.02821115639202721,
                0.25557651806692927
            ],
            [
                0.007263492061492713,
                -0.5658885597192046,
                -0.8245169338576952,
                1.2738204221912315
            ],
            [
                0.060419964078015184,
                -0.8227901352182648,
                0.5652247211767298,
                -0.5639608464511436
            ],
            [
                0.0,
                0.0,
                0.0,
                1.0
            ]
        ],
        [
            [
                -0.9985485416035592,
                -0.04734952397379562,
                0.026221309442027003,
                0.25760905976795173
            ],
            [
                0.0052069362443520634,
                -0.566304666084029,
                -0.8242509216557666,
                1.2506524679969953
            ],
            [
                0.05387379473407977,
                -0.8229135039701982,
                0.5657140482037731,
                -0.5660507121397681
            ],
            [
                0.0,
                0.0,
                0.0,
                1.0
            ]
        ],
        [
            [
                -0.9989945741393641,
                -0.038672483440347245,
                0.02332121104112581,
                0.25692409154836204
            ],
            [
                0.002723150217531556,
                -0.5671305673329542,
                -0.8237023411284337,
                1.2274998575110483
            ],
            [
                0.04507724375015869,
                -0.822805873157872,
                0.5666478093689813,
                -0.5668424810954332
            ],
            [
                0.0,
                0.0,
                0.0,
                1.0
            ]
        ],
        [
            [
                -0.9994609984188181,
                -0.026161067670131526,
                0.02062269772665276,
                0.24658099401112188
            ],
            [
                -0.002149345365157838,
                -0.5672410877475224,
                -0.8236324922063138,
                1.2013870036319774
            ],
            [
                0.03324236621085391,
                -0.8232346189434538,
                0.5668580414507407,
                -0.5618038746059786
            ],
            [
                0.0,
                0.0,
                0.0,
                1.0
            ]
        ],
        [
            [
                -0.9997953859743736,
                -0.004496121728254048,
                0.020594912107401695,
                0.21587124252906106
            ],
            [
                -0.014430156571681493,
                -0.5664321594176208,
                -0.8240790203154587,
                1.1889076572684607
            ],
            [
                0.015368607026567642,
                -0.8242078159465707,
                0.5662278999978632,
                -0.5491540075043646
            ],
            [
                0.0,
                0.0,
                0.0,
                1.0
            ]
        ],
        [
            [
                -0.9987771190722388,
                0.025803531262384136,
                0.042652490227511664,
                0.18443850415164775
            ],
            [
                -0.04980981432228823,
                -0.5534282094313,
                -0.8315120804548182,
                1.191646293625184
            ],
            [
                0.0021462054749627067,
                -0.8326196301782108,
                0.5540107439663409,
                -0.5388841473891173
            ],
            [
                0.0,
                0.0,
                0.0,
                1.0
            ]
        ],
        [
            [
                -0.994029183003913,
                0.045122479601334003,
                0.09957453827592053,
                0.16108547979784965
            ],
            [
                -0.10846226983561373,
                -0.5216572464462192,
                -0.8463455156949022,
                1.1972823048548709
            ],
            [
                0.013749027152522535,
                -0.8520902769053398,
                0.5234090357809259,
                -0.5326308708021193
            ],
            [
                0.0,
                0.0,
                0.0,
                1.0
            ]
        ],
        [
            [
                -0.9788875577880081,
                0.05369989002896929,
                0.1973548878560623,
                0.13033210774706602
            ],
            [
                -0.19953263822770617,
                -0.46310839192842057,
                -0.8636679975039255,
                1.2066399647129935
            ],
            [
                0.04500793205491459,
                -0.8848063511490277,
                0.46401607426528546,
                -0.5245789659267853
            ],
            [
                0.0,
                0.0,
                0.0,
                1.0
            ]
        ],
        [
            [
                -0.9695422372102573,
                0.057649097314095794,
                0.23817507815657385,
                0.10529731019777952
            ],
            [
                -0.23936465971366824,
                -0.4313749098776934,
                -0.8699601104697635,
                1.2135061386687802
            ],
            [
                0.05257972248143497,
                -0.9004626580582529,
                0.43200373201550013,
                -0.5165398605907603
            ],
            [
                0.0,
                0.0,
                0.0,
                1.0
            ]
        ],
        [
            [
                -0.9667407139083738,
                0.06539323601695293,
                0.24741345147198332,
                0.07551067484479565
            ],
            [
                -0.2520284601279007,
                -0.41155247401863854,
                -0.8759708154218366,
                1.2196142246820758
            ],
            [
                0.04452977129588672,
                -0.9091767438573807,
                0.4143092053585923,
                -0.49622970943730044
            ],
            [
                0.0,
                0.0,
                0.0,
                1.0
            ]
        ],
        [
            [
                -0.9709097913710852,
                0.08221470018702665,
                0.22507098993889407,
                0.11749437031114443
            ],
            [
                -0.23903932376360704,
                -0.3989100433657495,
                -0.8854148078805428,
                1.2122934174582585
            ],
            [
                0.016979423081659117,
                -0.9134434105021254,
                0.4069198285801219,
                -0.4721825662795477
            ],
            [
                0.0,
                0.0,
                0.0,
                1.0
            ]
        ],
        [
            [
                -0.9782125541503577,
                0.09963234465936248,
                0.18237866365396438,
                0.15277467650025706
            ],
            [
                -0.20722659157812828,
                -0.4000565890565265,
                -0.8928873471858507,
                1.2050040629136876
            ],
            [
                -0.01600451933196567,
                -0.9112104029031545,
                0.41194644245889056,
                -0.4616562904346785
            ],
            [
                0.0,
                0.0,
                0.0,
                1.0
            ]
        ],
        [
            [
                -0.9851125575601417,
                0.11814485308801677,
                0.1252496689372544,
                0.1870555599146427
            ],
            [
                -0.16312260791584693,
                -0.407247725822347,
                -0.8987668794401301,
                1.197705977741648
            ],
            [
                -0.05517951127606826,
                -0.9058026932216551,
                0.42041611401378803,
                -0.4524777311801233
            ],
            [
                0.0,
                0.0,
                0.0,
                1.0
            ]
        ],
        [
            [
                -0.9890588243935731,
                0.13211629249863116,
                0.06641962668213283,
                0.22015818078449123
            ],
            [
                -0.11621360991690684,
                -0.4165737444666579,
                -0.9017814986070829,
                1.1911414694550106
            ],
            [
                -0.09146902769403588,
                -0.8996165059911824,
                0.4273267473454827,
                -0.44479750319458644
            ],
            [
                0.0,
                0.0,
                0.0,
                1.0
            ]
        ],
        [
            [
                -0.9900910070597458,
                0.14026362693860633,
                0.01252998190925143,
                0.25369950758977844
            ],
            [
                -0.0716203696608394,
                -0.4248613232683262,
                -0.9025642758372588,
                1.1856077101626137
            ],
            [
                -0.12126624113645951,
                -0.8944990340108042,
                0.43065215075738444,
                -0.43880107564204046
            ],
            [
                0.0,
                0.0,
                0.0,
                1.0
            ]
        ],
        [
            [
                -0.9896530292645205,
                0.13821495105026296,
                -0.04001104648209431,
                0.29760743258611816
            ],
            [
                -0.023764100931836406,
                -0.4312361812516333,
                -0.9020760953771629,
                1.1814213827046762
            ],
            [
                -0.1419239998681505,
                -0.8917694153583506,
                0.4300105536533826,
                -0.4341974505418214
            ],
            [
                0.0,
                0.0,
                0.0,
                1.0
            ]
        ],
        [
            [
                -0.9894128953276273,
                0.12750274164575137,
                -0.07021677111264951,
                0.3360715383517668
            ],
            [
                0.008506859609940527,
                -0.43093465743502146,
                -0.9024972626299335,
                1.182994417687546
            ],
            [
                -0.14531750407851846,
                -0.8935161540653697,
                0.425236296608697,
                -0.43530469536676697
            ],
            [
                0.0,
                0.0,
                0.0,
                1.0
            ]
        ],
        [
            [
                -0.990200661497269,
                0.10558606316486073,
                -0.09211579687194565,
                0.3709219603845836
            ],
            [
                0.038657284544836114,
                -0.4260768113141817,
                -0.9040188288776128,
                1.2056213837253396
            ],
            [
                -0.1346886435217395,
                -0.898695127503902,
                0.41776741791757555,
                -0.4548704082775029
            ],
            [
                0.0,
                0.0,
                0.0,
                1.0
            ]
        ],
        [
            [
                -0.9920067016369295,
                0.06084147103428766,
                -0.11118236027939213,
                0.370910979904052
            ],
            [
                0.07613239079440959,
                -0.4153526869787781,
                -0.9066345502711396,
                1.2576884735407066
            ],
            [
                -0.10132928206348192,
                -0.9078209167278093,
                0.4073461688124279,
                -0.5058283670759463
            ],
            [
                0.0,
                0.0,
                0.0,
                1.0
            ]
        ],
        [
            [
                -0.9904662077099771,
                0.021826210133685794,
                -0.1365796224844921,
                0.3642488723170638
            ],
            [
                0.11651368604133773,
                -0.40053899034695106,
                -0.9090120538951891,
                1.308873148963662
            ],
            [
                -0.0745334318134953,
                -0.9162205247112635,
                0.39412021731575225,
                -0.5570788291869878
            ],
            [
                0.0,
                0.0,
                0.0,
                1.0
            ]
        ],
        [
            [
                -0.9832977057731589,
                0.013744746494224669,
                -0.1819247991035447,
                0.3836904785480793
            ],
            [
                0.16365368603900596,
                -0.3744509472488708,
                -0.9128640974720238,
                1.255227591256597
            ],
            [
                -0.08065406491898469,
                -0.9273471826350927,
                0.3658884890714792,
                -0.49399060364819253
            ],
            [
                0.0,
                0.0,
                0.0,
                1.0
            ]
        ],
        [
            [
                -0.9756384108201154,
                0.030207724016876752,
                -0.21766735923178682,
                0.3932300856636528
            ],
            [
                0.19313047918286444,
                -0.3548582857949025,
                -0.9149316599036357,
                1.2101975724811478
            ],
            [
                -0.1048617202273073,
                -0.9346348144593157,
                0.34032219246569945,
                -0.4469535663404367
            ],
            [
                0.0,
                0.0,
                0.0,
                1.0
            ]
        ],
        [
            [
                -0.9648790707344037,
                0.05341685742809363,
                -0.2575309738467958,
                0.4008054899420614
            ],
            [
                0.22582687624610226,
                -0.33383780279392694,
                -0.9153613393708059,
                1.166939203734171
            ],
            [
                -0.13484891419058875,
                -0.9413207665439524,
                0.30999563406216224,
                -0.4072774778489282
            ],
            [
                0.0,
                0.0,
                0.0,
                1.0
            ]
        ],
        [
            [
                -0.9460608032435149,
                0.05937034487445187,
                -0.3187913513587764,
                0.40595543939913187
            ],
            [
                0.2881605879981316,
                -0.2971168487408259,
                -0.9105087893309284,
                1.1165122173001478
            ],
            [
                -0.14875182600533382,
                -0.9531996005197688,
                0.26393025046239116,
                -0.37320814429638866
            ],
            [
                0.0,
                0.0,
                0.0,
                1.0
            ]
        ],
        [
            [
                -0.9032766572644306,
                -0.09488523624185981,
                -0.4186707275175077,
                0.402085150903355
            ],
            [
                0.4291455521639019,
                -0.17189291883822633,
                -0.8869258698733863,
                1.0626825697370037
            ],
            [
                0.012206726439948318,
                -0.9807369725613853,
                0.19593973390477207,
                -0.3530533165164876
            ],
            [
                0.0,
                0.0,
                0.0,
                1.0
            ]
        ],
        [
            [
                -0.851943926374731,
                -0.20072685120681866,
                -0.48384969587798987,
                0.4227416900484569
            ],
            [
                0.5185605715370144,
                -0.1918839856143948,
                -0.8334497858340242,
                1.0688845352289909
            ],
            [
                0.07446670181596483,
                -0.9608806722544893,
                0.2675107817901072,
                -0.35775189843014843
            ],
            [
                0.0,
                0.0,
                0.0,
                1.0
            ]
        ]
    ],
    "trj_gt": [
        [
            [
                -0.9999199162563441,
                -0.0006922142587523313,
                -0.012639623957103824,
                0.2353197022442336
            ],
            [
                0.01135157884754263,
                -0.49089964818834,
                -0.8711419164790345,
                1.337725786870856
            ],
            [
                -0.005601790996921777,
                -0.8712153007671333,
                0.49086834050266476,
                -0.6233114927340009
            ],
            [
                0.0,
                0.0,
                0.0,
                1.0
            ]
        ],
        [
            [
                -0.9974896558974308,
                -0.06848218674546881,
                0.018018127883132333,
                0.23558329387242585
            ],
            [
                0.020618051075568397,
                -0.5242954510109166,
                -0.8512865050453338,
                1.3573598435315963
            ],
            [
                0.06774481292520178,
                -0.8487776588663262,
                0.5243914185450319,
                -0.6080040382329757
            ],
            [
                0.0,
                0.0,
                0.0,
                1.0
            ]
        ],
        [
            [
                -0.994826613834567,
                -0.09527073725944206,
                0.0352642528021382,
                0.23541481628545285
            ],
            [
                0.023124960318584895,
                -0.5503930390661875,
                -0.8345850807813171,
                1.3756767945453428
            ],
            [
                0.09892078622571043,
                -0.8294516460965708,
                0.5497489443918301,
                -0.5900706953241476
            ],
            [
                0.0,
                0.0,
                0.0,
                1.0
            ]
        ],
        [
            [
                -0.9976464947059642,
                -0.06182859535218486,
                0.02964409313540817,
                0.2506245881911867
            ],
            [
                0.010376238306951587,
                -0.5634871713834796,
                -0.826059350672477,
                1.3120619110819307
            ],
            [
                0.06777818683249,
                -0.8238073054578987,
                0.5628027215260488,
                -0.5567943497131542
            ],
            [
                0.0,
                0.0,
                0.0,
                1.0
            ]
        ],
        [
            [
                -0.9982412780369316,
                -0.05288943177647892,
                0.026779382161221554,
                0.2567755091664119
            ],
            [
                0.007796743680443177,
                -0.5649292272297963,
                -0.8251022285803838,
                1.2696530290364072
            ],
            [
                0.0587676691895685,
                -0.8234419956928896,
                0.5643482112411886,
                -0.5611029143771007
            ],
            [
                0.0,
                0.0,
                0.0,
                1.0
            ]
        ],
        [
            [
                -0.9987494046022737,
                -0.04371031780892408,
                0.024271625895096235,
                0.2584983760198535
            ],
            [
                0.004878073288630817,
                -0.5683378007610873,
                -0.8227805630111078,
                1.2457828060175924
            ],
            [
                0.04975850217193496,
                -0.8216328841921291,
                0.5678404351188061,
                -0.5628471191122981
            ],
            [
                0.0,
                0.0,
                0.0,
                1.0
            ]
        ],
        [
            [
                -0.9991114660690098,
                -0.035815276197556666,
                0.022217593705164324,
                0.25741410610541365
            ],
            [
                0.002016107176173713,
                -0.5671575982502584,
                -0.8236065210357512,
                1.2214749363033388
            ],
            [
                0.042098586818179504,
                -0.8228296110256811,
                0.5667260391809447,
                -0.5632503903879138
            ],
            [
                0.0,
                0.0,
                0.0,
                1.0
            ]
        ],
        [
            [
                -0.9994522498512649,
                -0.024624890085266166,
                0.02211090242666226,
                0.24518928527731468
            ],
            [
                -0.004255105442658834,
                -0.5669460001886818,
                -0.8237436707946947,
                1.1966211703532197
            ],
            [
                0.032820293656770694,
                -0.8233862348261154,
                0.5665308458221342,
                -0.5571039486890609
            ],
            [
                0.0,
                0.0,
                0.0,
                1.0
            ]
        ],
        [
            [
                -0.9997537770298777,
                0.0013392448230039253,
                0.02215101119566481,
                0.21315551425083695
            ],
            [
                -0.01901897815041671,
                -0.566022860635587,
                -0.8241698309432328,
                1.1876628680963128
            ],
            [
                0.011434208123320183,
                -0.824387876975392,
                0.5659091348568205,
                -0.5442481136849344
            ],
            [
                0.0,
                0.0,
                0.0,
                1.0
            ]
        ],
        [
            [
                -0.9983846228270272,
                0.028243824372172117,
                0.04930011597915316,
                0.18076266100976768
            ],
            [
                -0.05670530888358394,
                -0.5498040428005986,
                -0.8333663960383962,
                1.1913238206605077
            ],
            [
                0.0035679374646975064,
                -0.8348154556234176,
                0.5505176427389038,
                -0.5335646679367395
            ],
            [
                0.0,
                0.0,
                0.0,
                1.0
            ]
        ],
        [
            [
                -0.9922977082401865,
                0.04510297908384898,
                0.11537347559410151,
                0.1564879987249209
            ],
            [
                -0.12207050356885275,
                -0.5144730001989422,
                -0.8487731662753539,
                1.1975742162273801
            ],
            [
                0.021074337724359793,
                -0.8563190394863608,
                0.5160162786081749,
                -0.5272806671842596
            ],
            [
                0.0,
                0.0,
                0.0,
                1.0
            ]
        ],
        [
            [
                -0.9764644160438583,
                0.04999517509685409,
                0.2098041190726774,
                0.1256025430319309
            ],
            [
                -0.20930709729173735,
                -0.4543612106845211,
                -0.8658787734873973,
                1.2072375875431884
            ],
            [
                0.052037107473742315,
                -0.8894129618659231,
                0.45413203772964633,
                -0.5196537104450714
            ],
            [
                0.0,
                0.0,
                0.0,
                1.0
            ]
        ],
        [
            [
                -0.9678438740730119,
                0.055003756024314066,
                0.24546457009326475,
                0.09911124904661253
            ],
            [
                -0.24519332214457226,
                -0.42428800661533705,
                -0.871699242830021,
                1.2148088927306755
            ],
            [
                0.05620095662754746,
                -0.9038546997766752,
                0.4241312312561746,
                -0.5109076710674709
            ],
            [
                0.0,
                0.0,
                0.0,
                1.0
            ]
        ],
        [
            [
                -0.9662339373963735,
                0.06538403512076452,
                0.24923269482954116,
                0.07206027208047996
            ],
            [
                -0.25375429770973845,
                -0.4093794941098288,
                -0.8763657024689504,
                1.2209651742703038
            ],
            [
                0.04473043648499727,
                -0.9100178030107381,
                0.41214796592060254,
                -0.4878301419305449
            ],
            [
                0.0,
                0.0,
                0.0,
                1.0
            ]
        ],
        [
            [
                -0.9713460042966149,
                0.07992426378153969,
                0.22382824773949336,
                0.1211687319337008
            ],
            [
                -0.23697645674108353,
                -0.3975856893811089,
                -0.8864352423235557,
                1.2119321094540758
            ],
            [
                0.0181432141100256,
                -0.9140770075333426,
                0.405133562086665,
                -0.46611332941766415
            ],
            [
                0.0,
                0.0,
                0.0,
                1.0
            ]
        ],
        [
            [
                -0.9791270970633659,
                0.09879334382067019,
                0.1776233092227318,
                0.15656190296219474
            ],
            [
                -0.20253815853373314,
                -0.4012276179499811,
                -0.8933052910163026,
                1.2043902238226007
            ],
            [
                -0.0169852719975528,
                -0.9106345687781121,
                0.4128623784161344,
                -0.45569499862682294
            ],
            [
                0.0,
                0.0,
                0.0,
                1.0
            ]
        ],
        [
            [
                -0.98571103121863,
                0.11818998310752611,
                0.12002054687656606,
                0.19118251431557942
            ],
            [
                -0.1584839718581284,
                -0.40933239674703725,
                -0.8985151394066986,
                1.1968954796871847
            ],
            [
                -0.057067249178282015,
                -0.9046972758382507,
                0.42221480200579553,
                -0.4465804286126185
            ],
            [
                0.0,
                0.0,
                0.0,
                1.0
            ]
        ],
        [
            [
                -0.9892831223831776,
                0.1316947376745649,
                0.0630511185423398,
                0.22393152415583184
            ],
            [
                -0.11316755015160382,
                -0.418720610165547,
                -0.9010359474664189,
                1.190393102143685
            ],
            [
                -0.0922609705740993,
                -0.8985146580519444,
                0.4291369295134535,
                -0.4392776991718228
            ],
            [
                0.0,
                0.0,
                0.0,
                1.0
            ]
        ],
        [
            [
                -0.9900418482517892,
                0.14042596552634495,
                0.009885969507667071,
                0.257929492452905
            ],
            [
                -0.0694804896151242,
                -0.42636367784414486,
                -0.9018791975445596,
                1.1847310609051158
            ],
            [
                -0.12243233888080277,
                -0.8935846946227265,
                0.43187487434632876,
                -0.43327025984265344
            ],
            [
                0.0,
                0.0,
                0.0,
                1.0
            ]
        ],
        [
            [
                -0.9895837789635695,
                0.1378513689067679,
                -0.04148486195880132,
                0.3033539838540617
            ],
            [
                -0.022240110912859146,
                -0.4311077059837967,
                -0.9020261225572968,
                1.1804964399775584
            ],
            [
                -0.142230092489474,
                -0.891707457619763,
                0.42968314709898703,
                -0.42908978278883564
            ],
            [
                0.0,
                0.0,
                0.0,
                1.0
            ]
        ],
        [
            [
                -0.9896330949445022,
                0.12586124199439577,
                -0.06917614747425871,
                0.3432685649795856
            ],
            [
                0.008110516171875503,
                -0.4319184287898855,
                -0.9018759833690048,
                1.1828244772557757
            ],
            [
                -0.14338979827306947,
                -0.8930870409305511,
                0.4264200953182121,
                -0.4309990346843428
            ],
            [
                0.0,
                0.0,
                0.0,
                1.0
            ]
        ],
        [
            [
                -0.9898599712364303,
                0.10445420143570823,
                -0.09626327618985246,
                0.3770161154507664
            ],
            [
                0.04287812492719568,
                -0.4263525893119095,
                -0.9035400022011505,
                1.2085621933574189
            ],
            [
                -0.13542075571101006,
                -0.8985053330015585,
                0.4175506825858673,
                -0.45504201467061367
            ],
            [
                0.0,
                0.0,
                0.0,
                1.0
            ]
        ],
        [
            [
                -0.9915062008028254,
                0.05852699135700751,
                -0.11614696451471831,
                0.37424313523493324
            ],
            [
                0.08157437471286105,
                -0.41569008110266403,
                -0.9058404835683161,
                1.261769149876193
            ],
            [
                -0.10129734690777124,
                -0.9076207312519587,
                0.4073851094616965,
                -0.5094661711666754
            ],
            [
                0.0,
                0.0,
                0.0,
                1.0
            ]
        ],
        [
            [
                -0.9899129223383225,
                0.023015814869805837,
                -0.1397954074415415,
                0.3678443353679692
            ],
            [
                0.11907768694784063,
                -0.39947578746446594,
                -0.9089770138858319,
                1.3112209001720383
            ],
            [
                -0.07676579960864241,
                -0.9164542604725596,
                0.39270568971410624,
                -0.5594088892863234
            ],
            [
                0.0,
                0.0,
                0.0,
                1.0
            ]
        ],
        [
            [
                -0.9821884660586918,
                0.01271880341996091,
                -0.1874676651056347,
                0.3880658364486124
            ],
            [
                0.16911055141248074,
                -0.37503388617289224,
                -0.9114553369832745,
                1.2482887299023133
            ],
            [
                -0.08189942535232082,
                -0.9269233303269505,
                0.3662031808612934,
                -0.48340615526969866
            ],
            [
                0.0,
                0.0,
                0.0,
                1.0
            ]
        ],
        [
            [
                -0.9744144328408907,
                0.03321383902003305,
                -0.2222913064205138,
                0.3974771288862171
            ],
            [
                0.19633583238527821,
                -0.3556239151032922,
                -0.9137743203677017,
                1.2039819316784939
            ],
            [
                -0.1094021541092527,
                -0.9340382839835528,
                0.3400041072910565,
                -0.43617070728867974
            ],
            [
                0.0,
                0.0,
                0.0,
                1.0
            ]
        ],
        [
            [
                -0.9631853412092477,
                0.05425250146096508,
                -0.2633072873260976,
                0.40398448661754593
            ],
            [
                0.2312525114197158,
                -0.3322795769644478,
                -0.9143917151797014,
                1.1608909602759927
            ],
            [
                -0.13709978764571032,
                -0.9416188150522152,
                0.3075008782102543,
                -0.3959066069531369
            ],
            [
                0.0,
                0.0,
                0.0,
                1.0
            ]
        ],
        [
            [
                -0.9426764071824562,
                0.05763564219989779,
                -0.32869343883924973,
                0.40798781319024774
            ],
            [
                0.2990362528555413,
                -0.2912846237939594,
                -0.9086970136689181,
                1.109349469411294
            ],
            [
                -0.14811680576657352,
                -0.9548981331703397,
                0.25735206830643675,
                -0.3627846756712838
            ],
            [
                0.0,
                0.0,
                0.0,
                1.0
            ]
        ],
        [
            [
                -0.8945641949078409,
                -0.11937409407389436,
                -0.43070263374869444,
                0.402722182261715
            ],
            [
                0.44548373723368523,
                -0.1604349364362983,
                -0.880797716701992,
                1.055587637773209
            ],
            [
                0.03604467200565577,
                -0.9798007454975225,
                0.1966986273029824,
                -0.34373982307924866
            ],
            [
                0.0,
                0.0,
                0.0,
                1.0
            ]
        ],
        [
            [
                -0.8485771270057367,
                -0.2079033387892575,
                -0.48651110217871135,
                0.4277989074754787
            ],
            [
                0.5245934350785582,
                -0.2112417441273102,
                -0.8247292940405709,
                1.075968782565105
            ],
            [
                0.06869253762941412,
                -0.9550665795121898,
                0.2883197278310654,
                -0.3588658061780207
            ],
            [
                0.0,
                0.0,
                0.0,
