{
    "trj_id": [
        0,
        106,
        121,
        207,
        233,
        251,
        268,
        285,
        318,
        349,
        370,
        394,
        412,
        434,
        456,
        478,
        501,
        524,
        547,
        573,
        596,
        622,
        647,
        678,
        702,
        725,
        749,
        775,
        802,
        828,
        851,
        876,
        904,
        929,
        957,
        984,
        1011,
        1037,
        1065,
        1093,
        1118,
        1142,
        1169,
        1193,
        1219,
        1243,
        1266,
        1287,
        1309,
        1332,
        1355,
        1382,
        1404,
        1425,
        1445,
        1463,
        1482,
        1501,
        1523,
        1545,
        1567,
        1589,
        1614,
        1638,
        1660,
        1683,
        1706,
        1731,
        1757,
        1781,
        1804,
        1827,
        1847,
        1869,
        1888,
        1901,
        1915,
        1928,
        1940,
        1954,
        1967,
        1985,
        1999,
        2014,
        2030,
        2048,
        2091,
        2125,
        2146,
        2159,
        2181,
        2202,
        2236,
        2256,
        2268,
        2284,
        2300,
        2320,
        2343
    ],
    "trj_est": [
        [
            [
                -0.9999199162563441,
                -0.0006922142587523313,
                -0.012639623957103824,
                0.2353197022442336
            ],
            [
                0.01135157884754263,
                -0.49089964818834,
                -0.8711419164790345,
                1.337725786870856
            ],
            [
                -0.005601790996921777,
                -0.8712153007671333,
                0.49086834050266476,
                -0.6233114927340009
            ],
            [
                0.0,
                0.0,
                0.0,
                1.0
            ]
        ],
        [
            [
                -0.9982436748242938,
                -0.0579518938998023,
                0.012435570807630934,
                0.2360726484428722
            ],
            [
                0.01942294022702026,
                -0.5181074705125692,
                -0.8551210132129544,
                1.3531163604977148
            ],
            [
                0.05599966023762701,
                -0.8533747548849675,
                0.5183183504288911,
                -0.6103492845019004
            ],
            [
                0.0,
                0.0,
                0.0,
                1.0
            ]
        ],
        [
            [
                -0.9951454080058921,
                -0.0923039497901808,
                0.03421563862995317,
                0.23541108368718233
            ],
            [
                0.021924790244723085,
                -0.5466904424610399,
                -0.8370806125678852,
                1.3712813554560979
            ],
            [
                0.09597151757794102,
                -0.8322661597823394,
                0.5460548687228647,
                -0.5938375233577219
            ],
            [
                0.0,
                0.0,
                0.0,
                1.0
            ]
        ],
        [
            [
                -0.997602481109246,
                -0.062115489468156905,
                0.030839213103533745,
                0.24936422568275465
            ],
            [
                0.009707961077240026,
                -0.5654500917966577,
                -0.8247852007612758,
                1.3149756336627574
            ],
            [
                0.0686671116966634,
                -0.8225071105478516,
                0.5646825214622676,
                -0.5592971214795983
            ],
            [
                0.0,
                0.0,
                0.0,
                1.0
            ]
        ],
        [
            [
                -0.9981586495725633,
                -0.05392073050932467,
                0.02821115639202721,
                0.25557651806692927
            ],
            [
                0.007263492061492713,
                -0.5658885597192046,
                -0.8245169338576952,
                1.2738204221912315
            ],
            [
                0.060419964078015184,
                -0.8227901352182648,
                0.5652247211767298,
                -0.5639608464511436
            ],
            [
                0.0,
                0.0,
                0.0,
                1.0
            ]
        ],
        [
            [
                -0.9985485416035592,
                -0.04734952397379562,
                0.026221309442027003,
                0.25760905976795173
            ],
            [
                0.0052069362443520634,
                -0.566304666084029,
                -0.8242509216557666,
                1.2506524679969953
            ],
            [
                0.05387379473407977,
                -0.8229135039701982,
                0.5657140482037731,
                -0.5660507121397681
            ],
            [
                0.0,
                0.0,
                0.0,
                1.0
            ]
        ],
        [
            [
                -0.9989945741393641,
                -0.038672483440347245,
                0.02332121104112581,
                0.25692409154836204
            ],
            [
                0.002723150217531556,
                -0.5671305673329542,
                -0.8237023411284337,
                1.2274998575110483
            ],
            [
                0.04507724375015869,
                -0.822805873157872,
                0.5666478093689813,
                -0.5668424810954332
            ],
            [
                0.0,
                0.0,
                0.0,
                1.0
            ]
        ],
        [
            [
                -0.9994609984188181,
                -0.026161067670131526,
                0.02062269772665276,
                0.24658099401112188
            ],
            [
                -0.002149345365157838,
                -0.5672410877475224,
                -0.8236324922063138,
                1.2013870036319774
            ],
            [
                0.03324236621085391,
                -0.8232346189434538,
                0.5668580414507407,
                -0.5618038746059786
            ],
            [
                0.0,
                0.0,
                0.0,
                1.0
            ]
        ],
        [
            [
                -0.9997953859743736,
                -0.004496121728254048,
                0.020594912107401695,
                0.21587124252906106
            ],
            [
                -0.014430156571681493,
                -0.5664321594176208,
                -0.8240790203154587,
                1.1889076572684607
            ],
            [
                0.015368607026567642,
                -0.8242078159465707,
                0.5662278999978632,
                -0.5491540075043646
            ],
            [
                0.0,
                0.0,
                0.0,
                1.0
            ]
        ],
        [
            [
                -0.9987771190722388,
                0.025803531262384136,
                0.042652490227511664,
                0.18443850415164775
            ],
            [
                -0.04980981432228823,
                -0.5534282094313,
                -0.8315120804548182,
                1.191646293625184
            ],
            [
                0.0021462054749627067,
                -0.8326196301782108,
                0.5540107439663409,
                -0.5388841473891173
            ],
            [
                0.0,
                0.0,
                0.0,
                1.0
            ]
        ],
        [
            [
                -0.994029183003913,
                0.045122479601334003,
                0.09957453827592053,
                0.16108547979784965
            ],
            [
                -0.10846226983561373,
                -0.5216572464462192,
                -0.8463455156949022,
                1.1972823048548709
            ],
            [
                0.013749027152522535,
                -0.8520902769053398,
                0.5234090357809259,
                -0.5326308708021193
            ],
            [
                0.0,
                0.0,
                0.0,
                1.0
            ]
        ],
        [
            [
                -0.9788875577880081,
                0.05369989002896929,
                0.1973548878560623,
                0.13033210774706602
            ],
            [
                -0.19953263822770617,
                -0.46310839192842057,
                -0.8636679975039255,
                1.2066399647129935
            ],
            [
                0.04500793205491459,
                -0.8848063511490277,
                0.46401607426528546,
                -0.5245789659267853
            ],
            [
                0.0,
                0.0,
                0.0,
                1.0
            ]
        ],
        [
            [
                -0.9695422372102573,
                0.057649097314095794,
                0.23817507815657385,
                0.10529731019777952
            ],
            [
                -0.23936465971366824,
                -0.4313749098776934,
                -0.8699601104697635,
                1.2135061386687802
            ],
            [
                0.05257972248143497,
                -0.9004626580582529,
                0.43200373201550013,
                -0.5165398605907603
            ],
            [
                0.0,
                0.0,
                0.0,
                1.0
            ]
        ],
        [
            [
                -0.9667407139083738,
                0.06539323601695293,
                0.24741345147198332,
                0.07551067484479565
            ],
            [
                -0.2520284601279007,
                -0.41155247401863854,
                -0.8759708154218366,
                1.2196142246820758
            ],
            [
                0.04452977129588672,
                -0.9091767438573807,
                0.4143092053585923,
                -0.49622970943730044
            ],
            [
                0.0,
                0.0,
                0.0,
                1.0
            ]
        ],
        [
            [
                -0.9709097913710852,
                0.08221470018702665,
                0.22507098993889407,
                0.11749437031114443
            ],
            [
                -0.23903932376360704,
                -0.3989100433657495,
                -0.8854148078805428,
                1.2122934174582585
            ],
            [
                0.016979423081659117,
                -0.9134434105021254,
                0.4069198285801219,
                -0.4721825662795477
            ],
            [
                0.0,
                0.0,
                0.0,
                1.0
            ]
        ],
        [
            [
                -0.9782125541503577,
                0.09963234465936248,
                0.18237866365396438,
                0.15277467650025706
            ],
            [
                -0.20722659157812828,
                -0.4000565890565265,
                -0.8928873471858507,
                1.2050040629136876
            ],
            [
                -0.01600451933196567,
                -0.9112104029031545,
                0.41194644245889056,
                -0.4616562904346785
            ],
            [
                0.0,
                0.0,
                0.0,
                1.0
            ]
        ],
        [
            [
                -0.9851125575601417,
                0.11814485308801677,
                0.1252496689372544,
                0.1870555599146427
            ],
            [
                -0.16312260791584693,
                -0.407247725822347,
                -0.8987668794401301,
                1.197705977741648
            ],
            [
                -0.05517951127606826,
                -0.9058026932216551,
                0.42041611401378803,
                -0.4524777311801233
            ],
            [
                0.0,
                0.0,
                0.0,
                1.0
            ]
        ],
        [
            [
                -0.9890588243935731,
                0.13211629249863116,
                0.06641962668213283,
                0.22015818078449123
            ],
            [
                -0.11621360991690684,
                -0.4165737444666579,
                -0.9017814986070829,
                1.1911414694550106
            ],
            [
                -0.09146902769403588,
                -0.8996165059911824,
                0.4273267473454827,
                -0.44479750319458644
            ],
            [
                0.0,
                0.0,
                0.0,
                1.0
            ]
        ],
        [
            [
                -0.9900910070597458,
                0.14026362693860633,
                0.01252998190925143,
                0.25369950758977844
            ],
            [
                -0.0716203696608394,
                -0.4248613232683262,
                -0.9025642758372588,
                1.1856077101626137
            ],
            [
                -0.12126624113645951,
                -0.8944990340108042,
                0.43065215075738444,
                -0.43880107564204046
            ],
            [
                0.0,
                0.0,
                0.0,
                1.0
            ]
        ],
        [
            [
                -0.9896530292645205,
                0.13821495105026296,
                -0.04001104648209431,
                0.29760743258611816
            ],
            [
                -0.023764100931836406,
                -0.4312361812516333,
                -0.9020760953771629,
                1.1814213827046762
            ],
            [
                -0.1419239998681505,
                -0.8917694153583506,
                0.4300105536533826,
                -0.4341974505418214
            ],
            [
                0.0,
                0.0,
                0.0,
                1.0
            ]
        ],
        [
            [
                -0.9894128953276273,
                0.12750274164575137,
                -0.07021677111264951,
                0.3360715383517668
            ],
            [
                0.008506859609940527,
                -0.43093465743502146,
                -0.9024972626299335,
                1.182994417687546
            ],
            [
                -0.14531750407851846,
                -0.8935161540653697,
                0.425236296608697,
                -0.43530469536676697
            ],
            [
                0.0,
                0.0,
                0.0,
                1.0
            ]
        ],
        [
            [
                -0.990200661497269,
                0.10558606316486073,
                -0.09211579687194565,
                0.3709219603845836
            ],
            [
                0.038657284544836114,
                -0.4260768113141817,
                -0.9040188288776128,
                1.2056213837253396
            ],
            [
                -0.1346886435217395,
                -0.898695127503902,
                0.41776741791757555,
                -0.4548704082775029
            ],
            [
                0.0,
                0.0,
                0.0,
                1.0
            ]
        ],
        [
            [
                -0.9920067016369295,
                0.06084147103428766,
                -0.11118236027939213,
                0.370910979904052
            ],
            [
                0.07613239079440959,
                -0.4153526869787781,
                -0.9066345502711396,
                1.2576884735407066
            ],
            [
                -0.10132928206348192,
                -0.9078209167278093,
                0.4073461688124279,
                -0.5058283670759463
            ],
            [
                0.0,
                0.0,
                0.0,
                1.0
            ]
        ],
        [
            [
                -0.9904662077099771,
                0.021826210133685794,
                -0.1365796224844921,
                0.3642488723170638
            ],
            [
                0.11651368604133773,
                -0.40053899034695106,
                -0.9090120538951891,
                1.308873148963662
            ],
            [
                -0.0745334318134953,
                -0.9162205247112635,
                0.39412021731575225,
                -0.5570788291869878
            ],
            [
                0.0,
                0.0,
                0.0,
                1.0
            ]
        ],
        [
            [
                -0.9832977057731589,
                0.013744746494224669,
                -0.1819247991035447,
                0.3836904785480793
            ],
            [
                0.16365368603900596,
                -0.3744509472488708,
                -0.9128640974720238,
                1.255227591256597
            ],
            [
                -0.08065406491898469,
                -0.9273471826350927,
                0.3658884890714792,
                -0.49399060364819253
            ],
            [
                0.0,
                0.0,
                0.0,
                1.0
            ]
        ],
        [
            [
                -0.9756384108201154,
                0.030207724016876752,
                -0.21766735923178682,
                0.3932300856636528
            ],
            [
                0.19313047918286444,
                -0.3548582857949025,
                -0.9149316599036357,
                1.2101975724811478
            ],
            [
                -0.1048617202273073,
                -0.9346348144593157,
                0.34032219246569945,
                -0.4469535663404367
            ],
            [
                0.0,
                0.0,
                0.0,
                1.0
            ]
        ],
        [
            [
                -0.9648790707344037,
                0.05341685742809363,
                -0.2575309738467958,
                0.4008054899420614
            ],
            [
                0.22582687624610226,
                -0.33383780279392694,
                -0.9153613393708059,
                1.166939203734171
            ],
            [
                -0.13484891419058875,
                -0.9413207665439524,
                0.30999563406216224,
                -0.4072774778489282
            ],
            [
                0.0,
                0.0,
                0.0,
                1.0
            ]
        ],
        [
            [
                -0.9459927138683566,
                0.05941590604692727,
                -0.3189847434370722,
                0.40600671768716806
            ],
            [
                0.28841693771256693,
                -0.2965890661144515,
                -0.9105996546394924,
                1.1165337449973953
            ],
            [
                -0.14868776068754952,
                -0.9533606353223606,
                0.2633822001060563,
                -0.37305398456093947
            ],
            [
                0.0,
                0.0,
                0.0,
                1.0
            ]
        ],
        [
            [
                -0.9032328330814462,
                -0.09592527431080254,
                -0.418526754196594,
                0.4020047971331167
            ],
            [
                0.42920645699504256,
                -0.17173413842307547,
                -0.8869267906205296,
                1.0625959247080239
            ],
            [
                0.013220592924226001,
                -0.9806630735949063,
                0.19624114801789388,
                -0.35325849508648227
            ],
            [
                0.0,
                0.0,
                0.0,
                1.0
            ]
        ],
        [
            [
                -0.8520560918381911,
                -0.2035308559993233,
                -0.4824755701161416,
                0.42212305706757103
            ],
            [
                0.5181922448834837,
                -0.19451232813506464,
                -0.8330688880726934,
                1.0687699715635295
            ],
            [
                0.07572196194376805,
                -0.9597597697856004,
                0.27115106504504755,
                -0.3591008632730309
            ],
            [
                0.0,
                0.0,
                0.0,
                1.0
            ]
        ],
        [
            [
                -0.8041218529435189,
                -0.25378722815107657,
                -0.5377745893107758,
                0.46706934116130167
            ],
            [
                0.5944758406013091,
                -0.3179600625969512,
                -0.7388345402243905,
                1.0764510461212629
            ],
            [
                0.016538537674358166,
                -0.9137331691106506,
                0.4064813480909667,
                -0.37823790133008367
            ],
            [
                0.0,
                0.0,
                0.0,
                1.0
            ]
        ],
        [
            [
                -0.7686919962392487,
                -0.10570091355053536,
                -0.631013414543788,
                0.48528180067110893
            ],
            [
                0.5831345383799779,
                -0.5218170440150938,
                -0.622938897147248,
                1.0571836427878327
            ],
            [
                -0.26337815962591155,
                -0.8467444264411935,
                0.4626793484468583,
                -0.3671144380607266
            ],
            [
                0.0,
                0.0,
                0.0,
                1.0
            ]
        ],
        [
            [
                -0.6896163862350829,
                0.13308112064298977,
                -0.712019005220326,
                0.4946578242937896
            ],
            [
                0.4469388604102402,
                -0.6955887820880018,
                -0.5628657622448077,
                1.0439969515235161
            ],
            [
                -0.570093612092965,
                -0.7063340783870743,
                0.42013521302743884,
                -0.3578323618929158
            ],
            [
                0.0,
                0.0,
                0.0,
                1.0
            ]
        ],
        [
            [
                -0.5921152960423224,
                0.3164758342498227,
                -0.7412829328153777,
                0.5113261056755238
            ],
            [
                0.257969600515058,
                -0.7971125001197826,
                -0.5463483236883103,
                1.0185276604313174
            ],
            [
                -0.7636874369720255,
                -0.5146974931137411,
                0.39026820397900286,
                -0.3520356539805296
            ],
            [
                0.0,
                0.0,
                0.0,
                1.0
            ]
        ],
        [
            [
                -0.6240955932809317,
                0.3350982351618174,
                -0.7060319680797225,
                0.523309184693606
            ],
            [
                0.19346672088985045,
                -0.8092581993935383,
                -0.5550867201064827,
                0.9900473948674473
            ],
            [
                -0.7572722740074793,
                -0.48298591697249105,
                0.4401417127630049,
                -0.3673008560049486
            ],
            [
                0.0,
                0.0,
                0.0,
                1.0
            ]
        ],
        [
            [
                -0.6551329057112689,
                0.3339325678833003,
                -0.6779135204425772,
                0.516546559911101
            ],
            [
                0.17603137700666857,
                -0.8051770818340572,
                -0.5667184951187196,
                0.9853163626719377
            ],
            [
                -0.7349882799877991,
                -0.49056798712709804,
                0.46862349345745447,
                -0.381457242008621
            ],
            [
                0.0,
                0.0,
                0.0,
                1.0
            ]
        ],
        [
            [
                -0.698364188738688,
                0.3281280648282089,
                -0.636326245872605,
                0.5066950902843328
            ],
            [
                0.1612921138138212,
                -0.7940560560252841,
                -0.5864652620540366,
                0.9849557737829878
            ],
            [
                -0.6976139481673098,
                -0.5121556104635719,
                0.5015191777260722,
                -0.39596408825729384
            ],
            [
                0.0,
                0.0,
                0.0,
                1.0
            ]
        ],
        [
            [
                -0.7501287863891227,
                0.3157400522824797,
                -0.5813089373222056,
                0.49594802291835816
            ],
            [
                0.14834164350810727,
                -0.7763092129798786,
                -0.6130545594432036,
                0.9868078473138782
            ],
            [
                -0.644745460281962,
                -0.5460582299300649,
                0.5353931898697503,
                -0.41073506989271685
            ],
            [
                0.0,
                0.0,
                0.0,
                1.0
            ]
        ],
        [
            [
                -0.8064066114185057,
                0.2945978017262697,
                -0.5130819371994598,
                0.4834178224320906
            ],
            [
                0.13271248782144898,
                -0.7552849595388957,
                -0.6422237090194386,
                0.9892302981988126
            ],
            [
                -0.5766240579236903,
                -0.5859319573502341,
                0.5698589802842963,
                -0.42736596327557247
            ],
            [
                0.0,
                0.0,
                0.0,
                1.0
            ]
        ],
        [
            [
                -0.8614580303775398,
                0.2622366622812492,
                -0.43528036941809917,
                0.4687380748425964
            ],
            [
                0.11621380195706339,
                -0.7324424489198278,
                -0.671228917025757,
                0.9929705325984155
            ],
            [
                -0.49475830359074086,
                -0.6287582462269563,
                0.600379514711747,
                -0.4452542723478143
            ],
            [
                0.0,
                0.0,
                0.0,
                1.0
            ]
        ],
        [
            [
                -0.9072640742728943,
                0.22369456974798071,
                -0.3566267646323915,
                0.4513028293409038
            ],
            [
                0.09679372764354867,
                -0.7138460655159117,
                -0.6939642841716875,
                0.9971344644539086
            ],
            [
                -0.40974353195489954,
                -0.6640593707273343,
                0.6258783777454837,
                -0.46374545843303683
            ],
            [
                0.0,
                0.0,
                0.0,
                1.0
            ]
        ],
        [
            [
                -0.9385730083254393,
                0.18717057336507986,
                -0.29053611688522235,
                0.4331846791723071
            ],
            [
                0.07811035705141034,
                -0.7042810416454843,
                -0.7059914253032683,
                1.001039910828696
            ],
            [
                -0.3367024859141191,
                -0.6852424097357672,
                0.6462764521788135,
                -0.48038096263132885
            ],
            [
                0.0,
                0.0,
                0.0,
                1.0
            ]
        ],
        [
            [
                -0.9672101163528634,
                0.1380724908205553,
                -0.21404279695243927,
                0.4045237789220402
            ],
            [
                0.05639380056976678,
                -0.7036682495052409,
                -0.7086707948997443,
                1.0042034992903879
            ],
            [
                -0.2484180901735807,
                -0.6974174330471407,
                0.6726822122014755,
                -0.500528180516635
            ],
            [
                0.0,
                0.0,
                0.0,
                1.0
            ]
        ],
        [
            [
                -0.98462230902137,
                0.09206432253189661,
                -0.14975839736962093,
                0.3724405822649902
            ],
            [
                0.0406162495179222,
                -0.7100119749880012,
                -0.7034069022251691,
                1.003686954994312
            ],
            [
                -0.17105581701371525,
                -0.6985864787798283,
                0.6952198655879527,
                -0.5152656419308129
            ],
            [
                0.0,
                0.0,
                0.0,
                1.0
            ]
        ],
        [
            [
                -0.9932090088113971,
                0.06428480933671425,
                -0.09897720835841335,
                0.3324274002097427
            ],
            [
                0.025588307297814136,
                -0.7017448067675518,
                -0.712358720005319,
                0.9992016457850343
            ],
            [
                -0.11522705152780689,
                -0.7099614126084608,
                0.695193376420853,
                -0.5211796723703985
            ],
            [
                0.0,
                0.0,
                0.0,
                1.0
            ]
        ],
        [
            [
                -0.9954036477175252,
                0.057348401265754245,
                -0.07923988285518262,
                0.30977863312101317
            ],
            [
                0.01801400066597198,
                -0.6891512034387899,
                -0.7247811776057824,
                0.9952798306076803
            ],
            [
                -0.09615230199103515,
                -0.7227847511426013,
                0.684806379367473,
                -0.5190030507963006
            ],
            [
                0.0,
                0.0,
                0.0,
                1.0
            ]
        ],
        [
            [
                -0.9969308302888578,
                0.05047683034557844,
                -0.06315447862379793,
                0.2923334688954211
            ],
            [
                0.01203411220207491,
                -0.6802150089815759,
                -0.7333012336967449,
                0.9919854775313862
            ],
            [
                -0.07995362176927769,
                -0.7317141555103899,
                0.677367852130603,
                -0.5153062758783756
            ],
            [
                0.0,
                0.0,
                0.0,
                1.0
            ]
        ],
        [
            [
                -0.998566877824209,
                0.03868319541115824,
                -0.04221729562292663,
                0.27489311178645726
            ],
            [
                0.004900356547001468,
                -0.677339340085786,
                -0.736042494115365,
                0.9886772990159232
            ],
            [
                -0.05705248480462108,
                -0.735095407393466,
                0.6760248706511109,
                -0.5105290705576528
            ],
            [
                0.0,
                0.0,
                0.0,
                1.0
            ]
        ],
        [
            [
                -0.9997463634723813,
                0.022721904800283056,
                -0.020248911365447184,
                0.2582433289474706
            ],
            [
                -0.0007201520997042382,
                -0.6834806696947899,
                -0.7303571040374534,
                0.9857335322390166
            ],
            [
                -0.0304244451095997,
                -0.7300625716390364,
                0.6831650773278,
                -0.5052397977777728
            ],
            [
                0.0,
                0.0,
                0.0,
                1.0
            ]
        ],
        [
            [
                -1.0002078716743004,
                -0.00011654081925029333,
                0.002905737509791412,
                0.24108406023101694
            ],
            [
                -0.0019790213677887943,
                -0.6980739987355558,
                -0.7164233359470493,
                0.982601612610067
            ],
            [
                0.0021149792773347,
                -0.7164825156342455,
                0.6980560535177659,
                -0.49992344965142954
            ],
            [
                0.0,
                0.0,
                0.0,
                1.0
            ]
        ],
        [
            [
                -0.9994427524421198,
                -0.03058584811808957,
                0.02466486060748867,
                0.22258571273666786
            ],
            [
                0.004998454599546672,
                -0.7214271017584728,
                -0.6928920200325847,
                0.97925512747949
            ],
            [
                0.03898235261793053,
                -0.6922921168399632,
                0.7210083328466462,
                -0.4946228994921288
            ],
            [
                0.0,
                0.0,
                0.0,
                1.0
            ]
        ],
        [
            [
                -0.9962676190243078,
                -0.07242209206080934,
                0.05141760902632516,
                0.19833521620429706
            ],
            [
                0.021054135999680944,
                -0.754986114424975,
                -0.6558506411204288,
                0.9754289445191897
            ],
            [
                0.08630495301029113,
                -0.6522355322703,
                0.7535144907215602,
                -0.48908720617743745
            ],
            [
                0.0,
                0.0,
                0.0,
                1.0
            ]
        ],
        [
            [
                -0.9919945748538253,
                -0.10543776623951864,
                0.07261376691120439,
                0.1790068775987208
            ],
            [
                0.03700403194712791,
                -0.7791910586932514,
                -0.6261721502810933,
                0.9732913437727327
            ],
            [
                0.12258352966513139,
                -0.6183955456106506,
                0.7766704498591454,
                -0.48645752984363105
            ],
            [
                0.0,
                0.0,
                0.0,
                1.0
            ]
        ],
        [
            [
                -0.9854632339102201,
                -0.13816552511828833,
                0.10112962177276456,
                0.1573536924837791
            ],
            [
                0.05087384040402297,
                -0.8003399636728975,
                -0.597894258999122,
                0.9720428508845823
            ],
            [
                0.16352063955630294,
                -0.5839908565000779,
                0.7955405996320174,
                -0.48655423977769774
            ],
            [
                0.0,
                0.0,
                0.0,
                1.0
            ]
        ],
        [
            [
                -0.9753701175013839,
                -0.16891688333987323,
                0.14347890764619928,
                0.13352726392478886
            ],
            [
                0.057681956347283174,
                -0.8186973634330266,
                -0.5718655529678428,
                0.9708341365879808
            ],
            [
                0.2140264893811887,
                -0.5494467099776613,
                0.8080748401006789,
                -0.491244063838514
            ],
            [
                0.0,
                0.0,
                0.0,
                1.0
            ]
        ],
        [
            [
                -0.9627791598319306,
                -0.19320113192523805,
                0.19027335394104367,
                0.1136367868160305
            ],
            [
                0.0574506112088368,
                -0.831268483874583,
                -0.5534689462034704,
                0.9702945449167317
            ],
            [
                0.2650516349424652,
                -0.5218879061903389,
                0.8112197978694939,
                -0.4982814676756893
            ],
            [
                0.0,
                0.0,
                0.0,
                1.0
            ]
        ],
        [
            [
                -0.9381246659314766,
                -0.2207761894276903,
                0.26770093796811223,
                0.09027482194671478
            ],
            [
                0.0512006912334686,
                -0.85132549289124,
                -0.5227522538602083,
                0.9709756702789692
            ],
            [
                0.34324613990879926,
                -0.47665931001033046,
                0.8097452580422339,
                -0.51160357245766
            ],
            [
                0.0,
                0.0,
                0.0,
                1.0
            ]
        ],
        [
            [
                -0.8925050065339563,
                -0.22982612620438125,
                0.3887190741252636,
                0.0677039116639943
            ],
            [
                0.024923127140570885,
                -0.8848204782417324,
                -0.465971527875317,
                0.9740737409595621
            ],
            [
                0.45094585743705207,
                -0.4061671552235792,
                0.7952305785358535,
                -0.5319631250359736
            ],
            [
                0.0,
                0.0,
                0.0,
                1.0
            ]
        ],
        [
            [
                -0.8251803274399538,
                -0.227028740950748,
                0.517721821542606,
                0.043917169292570675
            ],
            [
                0.002428759335095522,
                -0.9175220864798678,
                -0.39851850163163965,
                0.9774970238559524
            ],
            [
