{
    "trj_id": [
        0,
        75,
        194,
        218,
        232,
        247,
        260,
        303,
        333,
        355,
        374,
        392,
        420,
        445,
        467,
        491,
        518,
        539,
        564,
        586,
        606,
        623,
        637,
        651,
        667,
        695,
        708,
        722,
        736,
        751,
        764,
        776,
        790,
        802,
        808,
        812,
        824,
        829,
        834,
        841,
        849,
        861,
        881,
        911,
        926,
        933,
        949,
        974,
        1000,
        1018,
        1039,
        1058,
        1073,
        1087,
        1101,
        1115,
        1130,
        1146,
        1163,
        1181,
        1195,
        1214,
        1233,
        1256,
        1274,
        1288,
        1305,
        1321,
        1337,
        1352,
        1365,
        1377,
        1392,
        1412,
        1428,
        1443,
        1454,
        1467,
        1479,
        1492,
        1503,
        1516,
        1533,
        1551,
        1578,
        1593,
        1607,
        1618,
        1626,
        1634,
        1641,
        1648,
        1655,
        1661,
        1667,
        1675,
        1686,
        1697,
        1708,
        1720,
        1731,
        1742,
        1753,
        1764,
        1775,
        1785,
        1794,
        1803,
        1809,
        1818,
        1828,
        1839,
        1850,
        1859,
        1866,
        1875,
        1883,
        1891,
        1899,
        1907,
        1915,
        1921,
        1929,
        1935,
        1942,
        1951,
        1965,
        1980,
        1994,
        2007,
        2019,
        2029,
        2037,
        2050,
        2062,
        2075,
        2088,
        2098,
        2107,
        2109,
        2113,
        2117,
        2122,
        2128,
        2135,
        2144,
        2154,
        2162,
        2174,
        2183,
        2194,
        2204,
        2215,
        2223,
        2231,
        2239,
        2247,
        2253,
        2259,
        2265
    ],
    "trj_est": [
        [
            [
                -0.02053298671600423,
                0.9993311423096853,
                -0.030259948224347525,
                0.20333189400000004
            ],
            [
                -0.49487831119235715,
                -0.036457315875520806,
                -0.868197167255545,
                1.361986816
            ],
            [
                -0.8687196633943084,
                -0.0028516888280972147,
                0.4952958856107195,
                -0.6383570559999999
            ],
            [
                0.0,
                0.0,
                0.0,
                1.0
            ]
        ],
        [
            [
                -0.08156157565082063,
                0.9946577912203337,
                -0.06321412092882449,
                0.18279584853145847
            ],
            [
                -0.5128737792330685,
                -0.09626961191862841,
                -0.8530725409095724,
                1.3698664800600848
            ],
            [
                -0.8546079391735012,
                -0.0371603649545102,
                0.5179829372986766,
                -0.6418985522569248
            ],
            [
                0.0,
                0.0,
                0.0,
                1.0
            ]
        ],
        [
            [
                -0.08216157327871343,
                0.9898184908082874,
                -0.11640869219924985,
                0.16592843073522356
            ],
            [
                -0.5235163287776631,
                -0.1422571117541265,
                -0.8401331197315103,
                1.3150614568196495
            ],
            [
                -0.8481181093138015,
                -0.008090529565964915,
                0.5298623399316937,
                -0.5902361937587222
            ],
            [
                0.0,
                0.0,
                0.0,
                1.0
            ]
        ],
        [
            [
                -0.0749344281138781,
                0.990270674639716,
                -0.11749084352506713,
                0.18428010054187727
            ],
            [
                -0.5224908570236958,
                -0.13934806037737155,
                -0.8412711882145189,
                1.294046320166855
            ],
            [
                -0.8494323637175543,
                -0.001659128080621826,
                0.5278324270516396,
                -0.5735135585100116
            ],
            [
                0.0,
                0.0,
                0.0,
                1.0
            ]
        ],
        [
            [
                -0.06948039156903374,
                0.9906254286783688,
                -0.11787200007994367,
                0.19409249149478355
            ],
            [
                -0.5219382162093918,
                -0.13679817368964287,
                -0.842041589530026,
                1.2812620010785516
            ],
            [
                -0.8502453453223728,
                0.003009816693405026,
                0.526531123479824,
                -0.5646373453814058
            ],
            [
                0.0,
                0.0,
                0.0,
                1.0
            ]
        ],
        [
            [
                -0.06145723965723526,
                0.9910261297970315,
                -0.11896759233347338,
                0.20441751468320554
            ],
            [
                -0.5206862221374916,
                -0.13352812451523627,
                -0.8433458914164679,
                1.2653951838834911
            ],
            [
                -0.851637029246997,
                0.010107580926293202,
                0.5241987757344364,
                -0.5562361591180086
            ],
            [
                0.0,
                0.0,
                0.0,
                1.0
            ]
        ],
        [
            [
                -0.051945104954793715,
                0.9915267551868493,
                -0.11935027735495671,
                0.2117288821919115
            ],
            [
                -0.5202002410531805,
                -0.12888983473011323,
                -0.8443711399400495,
                1.2456584151805663
            ],
            [
                -0.8525723888900597,
                0.01821753798373462,
                0.5224651155737983,
                -0.5513948439598821
            ],
            [
                0.0,
                0.0,
                0.0,
                1.0
            ]
        ],
        [
            [
                -0.025805622556369576,
                0.9926362008157933,
                -0.11871599137121844,
                0.20606781444686006
            ],
            [
                -0.5230602752659352,
                -0.11462012420568292,
                -0.8446834222154941,
                1.2052387204688892
            ],
            [
                -0.852039186713905,
                0.040287140332637035,
                0.5221349245452773,
                -0.5707517281042338
            ],
            [
                0.0,
                0.0,
                0.0,
                1.0
            ]
        ],
        [
            [
                0.0003148768744621079,
                0.9945279904133159,
                -0.10491936303279328,
                0.19552313470881935
            ],
            [
                -0.5435734253405233,
                -0.08790681343523646,
                -0.8348921090024336,
                1.1879812719969813
            ],
            [
                -0.8395148991317223,
                0.05728143034648585,
                0.5405374511575015,
                -0.5952585459387791
            ],
            [
                0.0,
                0.0,
                0.0,
                1.0
            ]
        ],
        [
            [
                0.017455383139563258,
                0.9974138616457876,
                -0.07041669177881656,
                0.18678371273275549
            ],
            [
                -0.5892827104487551,
                -0.04664348238408078,
                -0.8067385157218273,
                1.1779502475025834
            ],
            [
                -0.8079064756181185,
                0.0555639865875991,
                0.586906708509862,
                -0.6165815864716288
            ],
            [
                0.0,
                0.0,
                0.0,
                1.0
            ]
        ],
        [
            [
                0.02896935323536273,
                0.9993649989417258,
                -0.022943149320635032,
                0.17787637187313218
            ],
            [
                -0.6477547624755277,
                0.0012809044866558272,
                -0.7620244433478238,
                1.1696256129792038
            ],
            [
                -0.761488218372725,
                0.03692529845976413,
                0.6473381175736864,
                -0.6385271621877243
            ],
            [
                0.0,
                0.0,
                0.0,
                1.0
            ]
        ],
        [
            [
                0.04023821264851304,
                0.9991239549161007,
                0.015187496097775121,
                0.1677856893237005
            ],
            [
                -0.68732817712296,
                0.03870694381323534,
                -0.7255044244323366,
                1.159974878059264
            ],
            [
                -0.7254379278765332,
                0.018744122096936117,
                0.6882370756105888,
                -0.6603604550888599
            ],
            [
                0.0,
                0.0,
                0.0,
                1.0
            ]
        ],
        [
            [
                0.05489437038454082,
                0.9976958868804314,
                0.041146346328397476,
                0.1498009640459559
            ],
            [
                -0.7015576355952496,
                0.0678607449263746,
                -0.7095761522608134,
                1.1422034651434407
            ],
            [
                -0.7107106876639907,
                0.01007621276781649,
                0.7036158782088614,
                -0.6895468579046138
            ],
            [
                0.0,
                0.0,
                0.0,
                1.0
            ]
        ],
        [
            [
                0.07313892567029413,
                0.9958607638760101,
                0.05490410914649816,
                0.1258171282250961
            ],
            [
                -0.689354215495842,
                0.09026321669270264,
                -0.718983114498383,
                1.1400276397002032
            ],
            [
                -0.7209398157300159,
                0.014727501776903382,
                0.6930518137596196,
                -0.6585533603010177
            ],
            [
                0.0,
                0.0,
                0.0,
                1.0
            ]
        ],
        [
            [
                0.08704848473830837,
                0.9947068052307901,
                0.05555470714651363,
                0.1198936430150434
            ],
            [
                -0.6606297249579945,
                0.09937814204917698,
                -0.7443072000975056,
                1.1480464760094975
            ],
            [
                -0.7458622385901356,
                0.02807908648743932,
                0.6657317584516949,
                -0.6215523519523937
            ],
            [
                0.0,
                0.0,
                0.0,
                1.0
            ]
        ],
        [
            [
                0.10140811071827648,
                0.9936182552295063,
                0.05047679168355198,
                0.11561511265919477
            ],
            [
                -0.6180174852130939,
                0.10267679340465911,
                -0.7796318745247182,
                1.1561353283372735
            ],
            [
                -0.7798100548433633,
                0.0478536687793953,
                0.6244348432026566,
                -0.585577921329335
            ],
            [
                0.0,
                0.0,
                0.0,
                1.0
            ]
        ],
        [
            [
                0.11255447556692585,
                0.9927367467219229,
                0.04377036834173428,
                0.11211085535574511
            ],
            [
                -0.5694849440789822,
                0.10054221386106298,
                -0.8160318316882238,
                1.1648016507475674
            ],
            [
                -0.8144716410861956,
                0.06690723483092574,
                0.5766132824001055,
                -0.5512215467875251
            ],
            [
                0.0,
                0.0,
                0.0,
                1.0
            ]
        ],
        [
            [
                0.12014630060729499,
                0.9920421568260697,
                0.03915046738902975,
                0.10972152367032878
            ],
            [
                -0.5229524288678025,
                0.09676002783606928,
                -0.8470550744712972,
                1.1747402115259218
            ],
            [
                -0.8440642941268297,
                0.08128323625569457,
                0.5303653215139394,
                -0.517949577620225
            ],
            [
                0.0,
                0.0,
                0.0,
                1.0
            ]
        ],
        [
            [
                0.12083629318295419,
                0.9920314474493918,
                0.03736259785192675,
                0.10827634899946341
            ],
            [
                -0.48370525301605366,
                0.09170402034594564,
                -0.8706206074950869,
                1.186730524876175
            ],
            [
                -0.8670677862840804,
                0.08711531682809602,
                0.4908815883680402,
                -0.48576029242352564
            ],
            [
                0.0,
                0.0,
                0.0,
                1.0
            ]
        ],
        [
            [
                0.11397813123364267,
                0.9927933335747293,
                0.03866888951360087,
                0.10803697806917702
            ],
            [
                -0.4532154110112182,
                0.08659049965234619,
                -0.88739261044838,
                1.2021577033594093
            ],
            [
                -0.8843058118486303,
                0.08360235583094072,
                0.4597679215275003,
                -0.4542407392803211
            ],
            [
                0.0,
                0.0,
                0.0,
                1.0
            ]
        ],
        [
            [
                0.10194692801038545,
                0.9939591645459261,
                0.04219864113860163,
                0.10967711960507326
            ],
            [
                -0.4321142047645095,
                0.08245079324235098,
                -0.8982524683182068,
                1.2233438179959328
            ],
            [
                -0.8962613235014176,
                0.07332337322170088,
                0.437858805745368,
                -0.4267208025915307
            ],
            [
                0.0,
                0.0,
                0.0,
                1.0
            ]
        ],
        [
            [
                0.08321191079537274,
                0.9954689157355018,
                0.04735171351980634,
                0.11647658713556229
            ],
            [
                -0.41691715331236096,
                0.07793231413549533,
                -0.9058075472142617,
                1.2586110521844143
            ],
            [
                -0.9053530047520258,
                0.05561693166791196,
                0.42146430110045585,
                -0.41619218235955063
            ],
            [
                0.0,
                0.0,
                0.0,
                1.0
            ]
        ],
        [
            [
                0.0577265103401728,
                0.9969661808974254,
                0.053366417350562134,
                0.12828911883129382
            ],
            [
                -0.4066901657427048,
                0.07230336715692802,
                -0.9109120523365432,
                1.2964306986529093
            ],
            [
                -0.9119665789086315,
                0.030865559367799153,
                0.40958369336922956,
                -0.4333730251637233
            ],
            [
                0.0,
                0.0,
                0.0,
                1.0
            ]
        ],
        [
            [
                0.029385306243531906,
                0.9979496784038278,
                0.057950487621950965,
                0.1409927333376153
            ],
            [
                -0.40043866321898536,
                0.06487620204686345,
                -0.9142370528118475,
                1.3286434634668374
            ],
            [
                -0.9160798150949101,
                0.0036466308502659064,
                0.4014781443798578,
                -0.45813279241669863
            ],
            [
                0.0,
                0.0,
                0.0,
                1.0
            ]
        ],
        [
            [
                0.0022500889998389086,
                0.9979909146080662,
                0.0642987743676345,
                0.15454558475018548
            ],
            [
                -0.39027225730057563,
                0.060081163956129,
                -0.9189515271593669,
                1.3620408846985719
            ],
            [
                -0.9209268812423895,
                -0.023037233591033376,
                0.3895787138121477,
                -0.4852008398914621
            ],
            [
                0.0,
                0.0,
                0.0,
                1.0
            ]
        ],
        [
            [
                -0.02484176156735882,
                0.9958287460202367,
                0.08853231146316817,
                0.1364987732324089
            ],
            [
                -0.3507530683955799,
                0.07425681777448451,
                -0.933734479630554,
                1.3376364627312114
            ],
            [
                -0.9363716667862618,
                -0.05425612754996543,
                0.34740156015209267,
                -0.4518744821793309
            ],
            [
                0.0,
                0.0,
                0.0,
                1.0
            ]
        ],
        [
            [
                -0.024308825558225663,
                0.9946654311171083,
                0.10089388220927653,
                0.12335245120723398
            ],
            [
                -0.3305225388355275,
                0.08726334193782533,
                -0.93997247863219,
                1.3085516893631648
            ],
            [
                -0.9437209966239564,
                -0.056203850677530115,
                0.32659538939455607,
                -0.4274614749146185
            ],
            [
                0.0,
                0.0,
                0.0,
                1.0
            ]
        ],
        [
            [
                -0.01834039249256861,
                0.9932427914499126,
                0.11517576594471818,
                0.11109486010831708
            ],
            [
                -0.3085543334992421,
                0.10396302602836892,
                -0.9457255340518104,
                1.2801631695592284
            ],
            [
                -0.9512681642941664,
                -0.05288828763181792,
                0.3045207766996064,
                -0.4034847765956506
            ],
            [
                0.0,
                0.0,
                0.0,
                1.0
            ]
        ],
        [
            [
                -0.011259502820432957,
                0.9916750402666056,
                0.1287930078138892,
                0.10104981419531675
            ],
            [
                -0.2870497213044702,
                0.12018892216873776,
                -0.9505649391302234,
                1.2535558103401774
            ],
            [
                -0.9580876128505909,
                -0.04767759149690392,
                0.2832683671982568,
                -0.38247783599266943
            ],
            [
                0.0,
                0.0,
                0.0,
                1.0
            ]
        ],
        [
            [
                -0.005192032093332422,
                0.9894028438826745,
                0.14557736293975243,
                0.09285311352675067
            ],
            [
                -0.2609030299570019,
                0.13921345981549135,
                -0.9554937482336537,
                1.2262509035513318
            ],
            [
                -0.9655918901124516,
                -0.042945634930762124,
                0.2573779276400601,
                -0.3614167644896845
            ],
            [
                0.0,
                0.0,
                0.0,
                1.0
            ]
        ],
        [
            [
                -0.004696235859787136,
                0.986546793561846,
                0.16384071913478834,
                0.08800728969722438
            ],
            [
                -0.2319771067164147,
                0.1583176948144397,
                -0.9599728815675235,
                1.2014021417736127
            ],
            [
                -0.972950552731764,
                -0.04251824684582047,
                0.22807618491823503,
                -0.343352854566686
            ],
            [
                0.0,
                0.0,
                0.0,
                1.0
            ]
        ],
        [
            [
                -0.020158339775027057,
                0.9832261620337381,
                0.18166939334635632,
                0.08631313641859124
            ],
            [
                -0.20200268644481495,
                0.17397598317357038,
                -0.964031772398766,
                1.1775836311744512
            ],
            [
                -0.9794190805704996,
                -0.05613214243788141,
                0.19507112849847683,
                -0.32735855771920297
            ],
            [
                0.0,
                0.0,
                0.0,
                1.0
            ]
        ],
        [
            [
                -0.07845593666190222,
                0.9752185487583757,
                0.2072250451254633,
                0.0876845996271823
            ],
            [
                -0.16734159604127946,
                0.19206134338310277,
                -0.9672350844818339,
                1.1533520814949494
            ],
            [
                -0.9830147929775631,
                -0.11055965872668994,
                0.14809124133584622,
                -0.31490452238447253
            ],
            [
                0.0,
                0.0,
                0.0,
                1.0
            ]
        ],
        [
            [
                -0.19993561806110774,
                0.9521409743681695,
                0.23153033227758985,
                0.09179530658843299
            ],
            [
                -0.14476815284793013,
                0.20503587637305504,
                -0.9682151870198901,
                1.1311038516930023
            ],
            [
                -0.9692966055610882,
                -0.22708848368394852,
                0.09681261589411225,
                -0.3047875969565072
            ],
            [
                0.0,
                0.0,
                0.0,
                1.0
            ]
        ],
        [
            [
                -0.258250413258322,
                0.9394588306935252,
                0.22556681855736532,
                0.09387778534113629
            ],
            [
                -0.12815191294008785,
                0.1981451294169468,
                -0.9719845968728449,
                1.117502734718972
            ],
            [
                -0.9577804692922215,
                -0.2799091791442162,
                0.06919065831414352,
                -0.29773696442714
            ],
            [
                0.0,
                0.0,
                0.0,
                1.0
            ]
        ],
        [
            [
                -0.2887230370218548,
                0.935062942163661,
                0.20604829483468437,
                0.09524009564213481
            ],
            [
                -0.10846668328623521,
                0.18191330868423958,
                -0.9775392217574672,
                1.1042129447157
            ],
            [
                -0.9514884754244384,
                -0.3045733761551763,
                0.04887024903956337,
                -0.2896551897361229
            ],
            [
                0.0,
                0.0,
                0.0,
                1.0
            ]
        ],
        [
            [
                -0.3187590497476248,
                0.9335061749832317,
                0.16469305844149548,
                0.09527833373945245
            ],
            [
                -0.08095961855858606,
                0.14633186934527465,
                -0.9861408080957224,
                1.121970017851238
            ],
            [
                -0.9446128600127561,
                -0.32766008907743405,
                0.028902951742342343,
                -0.2834435391645352
            ],
            [
                0.0,
                0.0,
                0.0,
                1.0
            ]
        ],
        [
            [
                -0.3240464512373903,
                0.93564870362711,
                0.14044276796840155,
                0.09594533058010084
            ],
            [
                -0.06803061831650058,
                0.12504378720769838,
                -0.9900397753830482,
                1.139732408678159
            ],
            [
                -0.9438331784105968,
                -0.33035841165741814,
                0.023104818659773783,
                -0.2873479366625638
            ],
            [
                0.0,
                0.0,
                0.0,
                1.0
            ]
        ],
        [
            [
                -0.32748575425800414,
                0.9385801875271056,
                0.10950110719435088,
                0.09752517592163655
            ],
            [
                -0.05077302880149835,
                0.09826017406139854,
                -0.994087226135211,
                1.1592378777436094
            ],
            [
                -0.9437331226410292,
                -0.3310952306571434,
                0.015448271007672333,
                -0.29048341863686356
            ],
            [
                0.0,
                0.0,
                0.0,
                1.0
            ]
        ],
        [
            [
                -0.32948499345311794,
                0.94244849852437,
                0.058356187198915783,
                0.10500170316238257
            ],
            [
                -0.02005537511027664,
                0.05481528161384111,
                -0.9985162484840734,
                1.1797386764849265
            ],
            [
                -0.9441897947486253,
                -0.33015390606634964,
                0.0008140549228973214,
                -0.2816370427269752
            ],
            [
                0.0,
                0.0,
                0.0,
                1.0
            ]
        ],
        [
            [
                -0.3207190039588227,
                0.947261968964452,
                -0.0031014597132705685,
                0.10942957730615804
            ],
            [
                0.02436293617311599,
                0.004974176529339229,
                -0.9999116700477125,
                1.179707699415479
            ],
            [
                -0.9471040419251832,
                -0.3207543475326731,
                -0.024697264844351405,
                -0.26186890292540227
            ],
            [
                0.0,
                0.0,
                0.0,
                1.0
            ]
        ],
        [
            [
                -0.24520442992096425,
                0.9661491099812827,
                -0.08130483193420715,
                0.1115267339481032
            ],
            [
                0.08893071458977907,
                -0.0611112073634318,
                -0.9943832182194084,
                1.1751039971371566
            ],
            [
                -0.9656320428915313,
                -0.25105298495308026,
                -0.07095592564153683,
                -0.24470308142359662
            ],
            [
                0.0,
                0.0,
                0.0,
                1.0
            ]
        ],
        [
            [
                -0.008168162211794047,
                0.9906267856218467,
                -0.13704207947510624,
                0.11014582492096768
            ],
            [
                0.1714672095430756,
                -0.13364935061448247,
                -0.9763084859816907,
                1.1668383702989007
            ],
            [
                -0.9854115457856383,
                -0.03148219318839386,
                -0.16878184192406578,
                -0.2270021820807727
            ],
            [
                0.0,
                0.0,
                0.0,
                1.0
            ]
        ],
        [
            [
                0.35232455921426714,
                0.9285600624567246,
                -0.11765688167473588,
                0.10943551088795915
            ],
            [
                0.22008079954793014,
                -0.2043946346461584,
                -0.9540623260584298,
                1.1568153667565828
            ],
            [
                -0.9098956802241631,
                0.31021427876163027,
                -0.2763779702974902,
                -0.20912589269414994
            ],
            [
                0.0,
                0.0,
                0.0,
                1.0
            ]
        ],
        [
            [
                0.5230175469079413,
                0.8460165828143943,
                -0.10448702167069977,
                0.11383767314307389
            ],
            [
                0.2056138085056673,
                -0.2441866243361536,
                -0.9479164853116753,
                1.148002179531813
            ],
            [
                -0.8274152011194517,
                0.47425002513555714,
                -0.3016704187200068,
                -0.1909398708687619
            ],
            [
                0.0,
                0.0,
                0.0,
                1.0
            ]
        ],
        [
            [
                0.5664001015872742,
                0.8153656467686177,
                -0.12076947372642964,
                0.12318977998287417
            ],
            [
                0.17102631725234446,
                -0.25962001055638917,
                -0.9506836741029735,
                1.1409346806465728
            ],
            [
                -0.8064599806796519,
                0.5177673618216198,
                -0.28650007407623906,
                -0.1739488186192835
            ],
            [
                0.0,
                0.0,
                0.0,
                1.0
            ]
        ],
        [
            [
                0.5715693096409131,
                0.8082677944967256,
                -0.14225274319362846,
                0.13867532532698987
            ],
            [
                0.13498718173926874,
                -0.2636025089708597,
                -0.955379961268196,
                1.1369068345545625
            ],
            [
                -0.8096501905365223,
                0.526818856035502,
                -0.25977492706206523,
                -0.16646418908100535
            ],
            [
                0.0,
                0.0,
                0.0,
                1.0
            ]
        ],
        [
            [
                0.5626933446449844,
                0.8106197678439653,
                -0.16282012674658278,
                0.15475405350200241
            ],
            [
                0.09674337185999186,
                -0.2601735257325524,
                -0.960948171265871,
                1.1346742157948249
            ],
            [
                -0.8212678921129068,
                0.5249245237822032,
                -0.22482007298131343,
                -0.17177366577508896
            ],
            [
                0.0,
                0.0,
                0.0,
                1.0
            ]
        ],
        [
            [
                0.5418527176522562,
                0.8208388092376359,
                -0.1813217550186984,
                0.16709880576594208
            ],
            [
                0.05400845775639113,
                -0.24930688203373358,
                -0.9671647500823981,
                1.1347816023804065
            ],
            [
                -0.83903073252414,
                0.5142245607794723,
                -0.1794177489688209,
                -0.1822307113007353
            ],
            [
                0.0,
                0.0,
                0.0,
                1.0
            ]
        ],
        [
            [
                0.5107716600782064,
                0.8370018335645394,
                -0.1970002155434646,
                0.17772427793227552
            ],
            [
                0.00835508924328993,
                -0.233987976379672,
                -0.972452233886355,
                1.1357899408529586
            ],
            [
                -0.8599778784586518,
                0.49501164300464207,
                -0.12650785078196974,
                -0.19346588441394436
            ],
            [
                0.0,
                0.0,
                0.0,
                1.0
            ]
        ],
        [
            [
                0.47257909064502407,
                0.8561503054405993,
                -0.20965306977006518,
                0.1876974292826921
            ],
            [
                -0.04014407179895562,
                -0.2167656405511307,
                -0.9756491303879589,
                1.1373060921697236
            ],
            [
                -0.8806801732482675,
                0.4694420897864746,
                -0.06807347469701175,
                -0.20513511876284746
            ],
            [
                0.0,
                0.0,
                0.0,
                1.0
            ]
        ],
        [
            [
                0.43342159124755475,
                0.8742981373898843,
                -0.21916435742503626,
                0.19681278313841913
            ],
            [
                -0.08656867389826407,
                -0.20171756660670268,
                -0.975862845402968,
                1.1389931316088082
            ],
            [
                -0.8973357549606839,
                0.44188881343223185,
                -0.011749930171541304,
                -0.21652460599994341
            ],
            [
                0.0,
                0.0,
                0.0,
                1.0
            ]
        ],
        [
            [
                0.3932620474358079,
                0.891246064281358,
                -0.22653602386704036,
                0.20544630268436512
            ],
            [
                -0.1313775702721599,
                -0.18943700949972445,
                -0.9733199276402503,
                1.1405483638218272
            ],
            [
                -0.9103101076937491,
                0.41248885600292784,
                0.04257818439907006,
                -0.22798775662403825
            ],
            [
                0.0,
                0.0,
                0.0,
                1.0
            ]
        ],
        [
            [
                0.35570514346879895,
                0.9054479507264755,
                -0.23223635157846645,
                0.2133151961116814
            ],
            [
                -0.17206992611238037,
                -0.18084664814180212,
                -0.968601582993859,
                1.1420007828312382
            ],
            [
                -0.9189463396048121,
                0.38445475947305985,
                0.09145567016646325,
                -0.239436350493499
            ],
            [
                0.0,
                0.0,
                0.0,
                1.0
            ]
        ],
        [
            [
                0.3196755917305212,
                0.9174824443934294,
                -0.23735105231797868,
                0.22080621423381114
            ],
            [
                -0.2106549335349508,
                -0.17546549359972677,
                -0.9619478290052587,
                1.1430455956203405
            ],
            [
                -0.9241422091003357,
                0.3574691642811378,
                0.1371592903925998,
                -0.2511125464949255
            ],
            [
                0.0,
                0.0,
                0.0,
                1.0
            ]
        ],
        [
            [
                0.2856461011923274,
                0.9273795694086763,
                -0.24224166322025062,
                0.22799482776029467
            ],
            [
                -0.24582893796118693,
                -0.17346867619290626,
                -0.9539332434225242,
                1.143808630866011
            ],
            [
                -0.9266063661478352,
                0.3319968766238058,
                0.1784035451453491,
                -0.26316669348713073
            ],
            [
                0.0,
                0.0,
                0.0,
                1.0
            ]
        ],
        [
            [
                0.2455442959057983,
                0.936790120094083,
                -0.24988881244325498,
                0.23694446277644765
            ],
            [
                -0.286384905744381,
                -0.17623400911690126,
                -0.9420429367228048,
                1.1438666124252501
            ],
            [
                -0.9264610411585209,
                0.3028386813003481,
                0.22497984292494777,
                -0.27889119852260036
            ],
            [
                0.0,
                0.0,
                0.0,
                1.0
            ]
        ],
        [
            [
                0.20277393017064177,
                0.9438169893664516,
                -0.2615570597791427,
                0.24700679382399773
            ],
            [
