{
    "trj_id": [
        0,
        75,
        194,
        218,
        232,
        247,
        260,
        303,
        333,
        355
    ],
    "trj_est": [
        [
            [
                -0.02053298671600423,
                0.9993311423096853,
                -0.030259948224347525,
                0.20333189400000004
            ],
            [
                -0.49487831119235715,
                -0.036457315875520806,
                -0.868197167255545,
                1.361986816
            ],
            [
                -0.8687196633943084,
                -0.0028516888280972147,
                0.4952958856107195,
                -0.6383570559999999
            ],
            [
                0.0,
                0.0,
                0.0,
                1.0
            ]
        ],
        [
            [
                -0.08156157565082063,
                0.9946577912203337,
                -0.06321412092882449,
                0.18279584853145847
            ],
            [
                -0.5128737792330685,
                -0.09626961191862841,
                -0.8530725409095724,
                1.3698664800600848
            ],
            [
                -0.8546079391735012,
                -0.0371603649545102,
                0.5179829372986766,
                -0.6418985522569248
            ],
            [
                0.0,
                0.0,
                0.0,
                1.0
            ]
        ],
        [
            [
                -0.08216157327871343,
                0.9898184908082874,
                -0.11640869219924985,
                0.16592843073522356
            ],
            [
                -0.5235163287776631,
                -0.1422571117541265,
                -0.8401331197315103,
                1.3150614568196495
            ],
            [
                -0.8481181093138015,
                -0.008090529565964915,
                0.5298623399316937,
                -0.5902361937587222
            ],
            [
                0.0,
                0.0,
                0.0,
                1.0
            ]
        ],
        [
            [
                -0.0749344281138781,
                0.990270674639716,
                -0.11749084352506713,
                0.18428010054187727
            ],
            [
                -0.5224908570236958,
                -0.13934806037737155,
                -0.8412711882145189,
                1.294046320166855
            ],
            [
                -0.8494323637175543,
                -0.001659128080621826,
                0.5278324270516396,
                -0.5735135585100116
            ],
            [
                0.0,
                0.0,
                0.0,
                1.0
            ]
        ],
        [
            [
                -0.06948039156903374,
                0.9906254286783688,
                -0.11787200007994367,
                0.19409249149478355
            ],
            [
                -0.5219382162093918,
                -0.13679817368964287,
                -0.842041589530026,
                1.2812620010785516
            ],
            [
                -0.8502453453223728,
                0.003009816693405026,
                0.526531123479824,
                -0.5646373453814058
            ],
            [
                0.0,
                0.0,
                0.0,
                1.0
            ]
        ],
        [
            [
                -0.06145723965723526,
                0.9910261297970315,
                -0.11896759233347338,
                0.20441751468320554
            ],
            [
                -0.5206862221374916,
                -0.13352812451523627,
                -0.8433458914164679,
                1.2653951838834911
            ],
            [
                -0.851637029246997,
                0.010107580926293202,
                0.5241987757344364,
                -0.5562361591180086
            ],
            [
                0.0,
                0.0,
                0.0,
                1.0
            ]
        ],
        [
            [
                -0.051686946029805995,
                0.9915428684416304,
                -0.11932906010936858,
                0.21169350118615646
            ],
            [
                -0.5202875718649961,
                -0.12873520688676046,
                -0.8443411058333371,
                1.245506908767424
            ],
            [
                -0.8525350344851182,
                0.018436442208259823,
                0.522518806909186,
                -0.5512837357370742
            ],
            [
                0.0,
                0.0,
                0.0,
                1.0
            ]
        ],
        [
            [
                -0.02559399934206759,
                0.9926423122337175,
                -0.11871443320698284,
                0.20610565527126615
            ],
            [
                -0.5233247737943932,
                -0.1144961212640677,
                -0.8445356755047643,
                1.2052393158383417
            ],
            [
                -0.8518823684186259,
                0.040500291214695595,
                0.5223726733457718,
                -0.5706579969957587
            ],
            [
                0.0,
                0.0,
                0.0,
                1.0
            ]
        ],
        [
            [
                0.0004095914518657612,
                0.9945265830078813,
                -0.10493455576413842,
                0.19561644357147506
            ],
            [
                -0.5434093225322195,
                -0.08787973733619164,
                -0.8350005285804901,
                1.1879233531921425
            ],
            [
                -0.8396194544483692,
                0.057351909817239685,
                0.5403650582877884,
                -0.5951298153908287
            ],
            [
                0.0,
                0.0,
                0.0,
                1.0
            ]
        ],
        [
            [
                0.01783260358759663,
                0.9973781468306846,
                -0.07083952022700897,
                0.1868294330903964
            ],
            [
                -0.589350229619449,
                -0.046759443077153524,
                -0.8066800138477153,
                1.1780218484126739
            ],
            [
                -0.8078482080198367,
                0.056121759136021375,
                0.5869333975763772,
                -0.6161913772429168
            ],
            [
                0.0,
                0.0,
                0.0,
                1.0
            ]
        ]
    ],
    "trj_gt": [
        [
            [
                -0.02053298671600423,
                0.9993311423096853,
                -0.030259948224347525,
                0.20333189400000004
            ],
            [
                -0.49487831119235715,
                -0.036457315875520806,
                -0.868197167255545,
                1.361986816
            ],
            [
                -0.8687196633943084,
                -0.0028516888280972147,
                0.4952958856107195,
                -0.6383570559999999
            ],
            [
                0.0,
                0.0,
                0.0,
                1.0
            ]
        ],
        [
            [
                -0.09241425840506957,
                0.9957187649615026,
                0.0019354449052386155,
                0.20263178999999998
            ],
            [
                -0.5302612741374938,
                -0.047569004764801644,
                -0.8464987719635321,
                1.382577881
            ],
            [
                -0.8427826445730373,
                -0.07925484773328673,
                0.5323871552895043,
                -0.620441284
            ],
            [
                0.0,
                0.0,
                0.0,
                1.0
            ]
        ],
        [
            [
                -0.07786312151062091,
                0.9969158598919864,
                0.00980319358391441,
                0.22003930700000005
            ],
            [
                -0.5682694176783794,
                -0.03630055529077426,
                -0.8220414458024954,
                1.3184494629999997
            ],
            [
                -0.8191502934383278,
                -0.06957756809060552,
                0.5693432697226684,
                -0.5732928470000002
            ],
            [
                0.0,
                0.0,
                0.0,
                1.0
            ]
        ],
        [
            [
                -0.07216485238495542,
                0.9973588544302295,
                0.008218854535641137,
                0.224122726
            ],
            [
                -0.570603511512423,
                -0.03452513696191995,
                -0.8204996328868486,
                1.285880127
            ],
            [
                -0.818048816837938,
                -0.0639009421478361,
                0.5715879659883234,
                -0.5767971189999999
            ],
            [
                0.0,
                0.0,
                0.0,
                1.0
            ]
        ],
        [
            [
                -0.06543384769610573,
                0.997836061739586,
                0.006450230051397725,
                0.22558180199999994
            ],
            [
                -0.5698272789917582,
                -0.03205882986496157,
                -0.8211389063639225,
                1.2670689699999997
            ],
            [
                -0.8191552256395197,
                -0.05740579517542256,
                0.5706919405316194,
                -0.578202271
            ],
            [
                0.0,
                0.0,
                0.0,
                1.0
            ]
        ],
        [
            [
                -0.058013491630790295,
                0.998305596170884,
                0.004513473462842314,
                0.224636719
            ],
            [
                -0.5690508685162697,
                -0.02935328979765539,
                -0.8217782507580338,
                1.2459279789999997
            ],
            [
                -0.8202533412487166,
                -0.0502426216667723,
                0.5697895533777065,
                -0.578877808
            ],
            [
                0.0,
                0.0,
                0.0,
                1.0
            ]
        ],
        [
            [
                -0.04972465800419557,
                0.9987509232666409,
                0.004904249218599275,
                0.21798568700000007
            ],
            [
                -0.5689994353984806,
                -0.024292455474915216,
                -0.8219790259630769,
                1.2253698729999998
            ],
            [
                -0.8208331748306569,
                -0.04366314098907255,
                0.5694966454830026,
                -0.575887024
            ],
            [
                0.0,
                0.0,
                0.0,
                1.0
            ]
        ],
        [
            [
                -0.01679628061428462,
                0.9998436041501493,
                0.005536442681542075,
                0.179468933
            ],
            [
                -0.570702244082391,
                -0.00504025985495726,
                -0.8211416104302092,
                1.2097370610000002
            ],
            [
                -0.8209852821804111,
                -0.016951785175440933,
                0.5706976462388088,
                -0.5606022950000001
            ],
            [
                0.0,
                0.0,
                0.0,
                1.0
            ]
        ],
        [
            [
                0.0073736866869883455,
                0.9995364031138124,
                0.029539932209547034,
                0.148279404
            ],
            [
                -0.5554105347820161,
                0.028658824570477533,
                -0.831082312185378,
                1.2121229249999999
            ],
            [
                -0.8315436047483004,
                -0.010278648964776092,
                0.5553643693807352,
                -0.550351807
            ],
            [
                0.0,
                0.0,
                0.0,
                1.0
            ]
        ],
        [
            [
                0.025422202609917573,
                0.995311225359041,
                0.09332350341015383,
                0.12269683100000003
            ],
            [
                -0.5230047755925908,
                0.09280057645135087,
                -0.8472626851913406,
                1.2166657709999997
            ],
            [
                -0.8519505363117065,
                -0.027269354311784677,
                0.522911719120555,
                -0.5425753779999999
            ],
            [
                0.0,
                0.0,
                0.0,
                1.0
            ]
        ]
    ]
}