{
    "trj_id": [
        0,
        75,
        194,
        218,
        232,
        247,
        260,
        303,
        333,
        355,
        374,
        392,
        420,
        445,
        467,
        491,
        518,
        539,
        564,
        586
    ],
    "trj_est": [
        [
            [
                -0.02053298671600423,
                0.9993311423096853,
                -0.030259948224347525,
                0.20333189400000004
            ],
            [
                -0.49487831119235715,
                -0.036457315875520806,
                -0.868197167255545,
                1.361986816
            ],
            [
                -0.8687196633943084,
                -0.0028516888280972147,
                0.4952958856107195,
                -0.6383570559999999
            ],
            [
                0.0,
                0.0,
                0.0,
                1.0
            ]
        ],
        [
            [
                -0.08156157565082063,
                0.9946577912203337,
                -0.06321412092882449,
                0.18279584853145847
            ],
            [
                -0.5128737792330685,
                -0.09626961191862841,
                -0.8530725409095724,
                1.3698664800600848
            ],
            [
                -0.8546079391735012,
                -0.0371603649545102,
                0.5179829372986766,
                -0.6418985522569248
            ],
            [
                0.0,
                0.0,
                0.0,
                1.0
            ]
        ],
        [
            [
                -0.08216157327871343,
                0.9898184908082874,
                -0.11640869219924985,
                0.16592843073522356
            ],
            [
                -0.5235163287776631,
                -0.1422571117541265,
                -0.8401331197315103,
                1.3150614568196495
            ],
            [
                -0.8481181093138015,
                -0.008090529565964915,
                0.5298623399316937,
                -0.5902361937587222
            ],
            [
                0.0,
                0.0,
                0.0,
                1.0
            ]
        ],
        [
            [
                -0.0749344281138781,
                0.990270674639716,
                -0.11749084352506713,
                0.18428010054187727
            ],
            [
                -0.5224908570236958,
                -0.13934806037737155,
                -0.8412711882145189,
                1.294046320166855
            ],
            [
                -0.8494323637175543,
                -0.001659128080621826,
                0.5278324270516396,
                -0.5735135585100116
            ],
            [
                0.0,
                0.0,
                0.0,
                1.0
            ]
        ],
        [
            [
                -0.06948039156903374,
                0.9906254286783688,
                -0.11787200007994367,
                0.19409249149478355
            ],
            [
                -0.5219382162093918,
                -0.13679817368964287,
                -0.842041589530026,
                1.2812620010785516
            ],
            [
                -0.8502453453223728,
                0.003009816693405026,
                0.526531123479824,
                -0.5646373453814058
            ],
            [
                0.0,
                0.0,
                0.0,
                1.0
            ]
        ],
        [
            [
                -0.06145723965723526,
                0.9910261297970315,
                -0.11896759233347338,
                0.20441751468320554
            ],
            [
                -0.5206862221374916,
                -0.13352812451523627,
                -0.8433458914164679,
                1.2653951838834911
            ],
            [
                -0.851637029246997,
                0.010107580926293202,
                0.5241987757344364,
                -0.5562361591180086
            ],
            [
                0.0,
                0.0,
                0.0,
                1.0
            ]
        ],
        [
            [
                -0.051945104954793715,
                0.9915267551868493,
                -0.11935027735495671,
                0.2117288821919115
            ],
            [
                -0.5202002410531805,
                -0.12888983473011323,
                -0.8443711399400495,
                1.2456584151805663
            ],
            [
                -0.8525723888900597,
                0.01821753798373462,
                0.5224651155737983,
                -0.5513948439598821
            ],
            [
                0.0,
                0.0,
                0.0,
                1.0
            ]
        ],
        [
            [
                -0.025805622556369576,
                0.9926362008157933,
                -0.11871599137121844,
                0.20606781444686006
            ],
            [
                -0.5230602752659352,
                -0.11462012420568292,
                -0.8446834222154941,
                1.2052387204688892
            ],
            [
                -0.852039186713905,
                0.040287140332637035,
                0.5221349245452773,
                -0.5707517281042338
            ],
            [
                0.0,
                0.0,
                0.0,
                1.0
            ]
        ],
        [
            [
                0.0003148768744621079,
                0.9945279904133159,
                -0.10491936303279328,
                0.19552313470881935
            ],
            [
                -0.5435734253405233,
                -0.08790681343523646,
                -0.8348921090024336,
                1.1879812719969813
            ],
            [
                -0.8395148991317223,
                0.05728143034648585,
                0.5405374511575015,
                -0.5952585459387791
            ],
            [
                0.0,
                0.0,
                0.0,
                1.0
            ]
        ],
        [
            [
                0.017455383139563258,
                0.9974138616457876,
                -0.07041669177881656,
                0.18678371273275549
            ],
            [
                -0.5892827104487551,
                -0.04664348238408078,
                -0.8067385157218273,
                1.1779502475025834
            ],
            [
                -0.8079064756181185,
                0.0555639865875991,
                0.586906708509862,
                -0.6165815864716288
            ],
            [
                0.0,
                0.0,
                0.0,
                1.0
            ]
        ],
        [
            [
                0.02896935323536273,
                0.9993649989417258,
                -0.022943149320635032,
                0.17787637187313218
            ],
            [
                -0.6477547624755277,
                0.0012809044866558272,
                -0.7620244433478238,
                1.1696256129792038
            ],
            [
                -0.761488218372725,
                0.03692529845976413,
                0.6473381175736864,
                -0.6385271621877243
            ],
            [
                0.0,
                0.0,
                0.0,
                1.0
            ]
        ],
        [
            [
                0.04023821264851304,
                0.9991239549161007,
                0.015187496097775121,
                0.1677856893237005
            ],
            [
                -0.68732817712296,
                0.03870694381323534,
                -0.7255044244323366,
                1.159974878059264
            ],
            [
                -0.7254379278765332,
                0.018744122096936117,
                0.6882370756105888,
                -0.6603604550888599
            ],
            [
                0.0,
                0.0,
                0.0,
                1.0
            ]
        ],
        [
            [
                0.05489437038454082,
                0.9976958868804314,
                0.041146346328397476,
                0.1498009640459559
            ],
            [
                -0.7015576355952496,
                0.0678607449263746,
                -0.7095761522608134,
                1.1422034651434407
            ],
            [
                -0.7107106876639907,
                0.01007621276781649,
                0.7036158782088614,
                -0.6895468579046138
            ],
            [
                0.0,
                0.0,
                0.0,
                1.0
            ]
        ],
        [
            [
                0.07313892567029413,
                0.9958607638760101,
                0.05490410914649816,
                0.1258171282250961
            ],
            [
                -0.689354215495842,
                0.09026321669270264,
                -0.718983114498383,
                1.1400276397002032
            ],
            [
                -0.7209398157300159,
                0.014727501776903382,
                0.6930518137596196,
                -0.6585533603010177
            ],
            [
                0.0,
                0.0,
                0.0,
                1.0
            ]
        ],
        [
            [
                0.08704848473830837,
                0.9947068052307901,
                0.05555470714651363,
                0.1198936430150434
            ],
            [
                -0.6606297249579945,
                0.09937814204917698,
                -0.7443072000975056,
                1.1480464760094975
            ],
            [
                -0.7458622385901356,
                0.02807908648743932,
                0.6657317584516949,
                -0.6215523519523937
            ],
            [
                0.0,
                0.0,
                0.0,
                1.0
            ]
        ],
        [
            [
                0.10140811071827648,
                0.9936182552295063,
                0.05047679168355198,
                0.11561511265919477
            ],
            [
                -0.6180174852130939,
                0.10267679340465911,
                -0.7796318745247182,
                1.1561353283372735
            ],
            [
                -0.7798100548433633,
                0.0478536687793953,
                0.6244348432026566,
                -0.585577921329335
            ],
            [
                0.0,
                0.0,
                0.0,
                1.0
            ]
        ],
        [
            [
                0.11251706903608079,
                0.9927373208244051,
                0.043859940277071366,
                0.11214935070729937
            ],
            [
                -0.5694717683899843,
                0.10059297888929139,
                -0.8160347120795566,
                1.164794479108998
            ],
            [
                -0.8144859559494976,
                0.06682668013182236,
                0.5766021425676111,
                -0.5512173844775384
            ],
            [
                0.0,
                0.0,
                0.0,
                1.0
            ]
        ],
        [
            [
                0.12020297500925227,
                0.9920411678983708,
                0.039004626902489264,
                0.10970639783018801
            ],
            [
                -0.5229917335154288,
                0.09666925963973562,
                -0.8470409187077935,
                1.1747310090722576
            ],
            [
                -0.8440316265821637,
                0.08140408574043552,
                0.5303979198388775,
                -0.5179243288821325
            ],
            [
                0.0,
                0.0,
                0.0,
                1.0
            ]
        ],
        [
            [
                0.12064050064650997,
                0.9920586432282309,
                0.037265802540568924,
                0.10827415993917903
            ],
            [
                -0.48370645922532174,
                0.09152136188723255,
                -0.8706392684362222,
                1.1866511567760465
            ],
            [
                -0.8670957532294331,
                0.08699415530091133,
                0.4908556469271241,
                -0.4856783547608384
            ],
            [
                0.0,
                0.0,
                0.0,
                1.0
            ]
        ],
        [
            [
                0.11381120813235455,
                0.992817379546135,
                0.03858038553738706,
                0.10804929761994635
            ],
            [
                -0.4533835984624624,
                0.08644916140472805,
                -0.8873216501699492,
                1.2020866599893685
            ],
            [
                -0.8842408567304013,
                0.08347945838511986,
                0.4599143591087512,
                -0.45406308154748704
            ],
            [
                0.0,
                0.0,
                0.0,
                1.0
            ]
        ]
    ],
    "trj_gt": [
        [
            [
                -0.02053298671600423,
                0.9993311423096853,
                -0.030259948224347525,
                0.20333189400000004
            ],
            [
                -0.49487831119235715,
                -0.036457315875520806,
                -0.868197167255545,
                1.361986816
            ],
            [
                -0.8687196633943084,
                -0.0028516888280972147,
                0.4952958856107195,
                -0.6383570559999999
            ],
            [
                0.0,
                0.0,
                0.0,
                1.0
            ]
        ],
        [
            [
                -0.09241425840506957,
                0.9957187649615026,
                0.0019354449052386155,
                0.20263178999999998
            ],
            [
                -0.5302612741374938,
                -0.047569004764801644,
                -0.8464987719635321,
                1.382577881
            ],
            [
                -0.8427826445730373,
                -0.07925484773328673,
                0.5323871552895043,
                -0.620441284
            ],
            [
                0.0,
                0.0,
                0.0,
                1.0
            ]
        ],
        [
            [
                -0.07786312151062091,
                0.9969158598919864,
                0.00980319358391441,
                0.22003930700000005
            ],
            [
                -0.5682694176783794,
                -0.03630055529077426,
                -0.8220414458024954,
                1.3184494629999997
            ],
            [
                -0.8191502934383278,
                -0.06957756809060552,
                0.5693432697226684,
                -0.5732928470000002
            ],
            [
                0.0,
                0.0,
                0.0,
                1.0
            ]
        ],
        [
            [
                -0.07216485238495542,
                0.9973588544302295,
                0.008218854535641137,
                0.224122726
            ],
            [
                -0.570603511512423,
                -0.03452513696191995,
                -0.8204996328868486,
                1.285880127
            ],
            [
                -0.818048816837938,
                -0.0639009421478361,
                0.5715879659883234,
                -0.5767971189999999
            ],
            [
                0.0,
                0.0,
                0.0,
                1.0
            ]
        ],
        [
            [
                -0.06543384769610573,
                0.997836061739586,
                0.006450230051397725,
                0.22558180199999994
            ],
            [
                -0.5698272789917582,
                -0.03205882986496157,
                -0.8211389063639225,
                1.2670689699999997
            ],
            [
                -0.8191552256395197,
                -0.05740579517542256,
                0.5706919405316194,
                -0.578202271
            ],
            [
                0.0,
                0.0,
                0.0,
                1.0
            ]
        ],
        [
            [
                -0.058013491630790295,
                0.998305596170884,
                0.004513473462842314,
                0.224636719
            ],
            [
                -0.5690508685162697,
                -0.02935328979765539,
                -0.8217782507580338,
                1.2459279789999997
            ],
            [
                -0.8202533412487166,
                -0.0502426216667723,
                0.5697895533777065,
                -0.578877808
            ],
            [
                0.0,
                0.0,
                0.0,
                1.0
            ]
        ],
        [
            [
                -0.04972465800419557,
                0.9987509232666409,
                0.004904249218599275,
                0.21798568700000007
            ],
            [
                -0.5689994353984806,
                -0.024292455474915216,
                -0.8219790259630769,
                1.2253698729999998
            ],
            [
                -0.8208331748306569,
                -0.04366314098907255,
                0.5694966454830026,
                -0.575887024
            ],
            [
                0.0,
                0.0,
                0.0,
                1.0
            ]
        ],
        [
            [
                -0.01679628061428462,
                0.9998436041501493,
                0.005536442681542075,
                0.179468933
            ],
            [
                -0.570702244082391,
                -0.00504025985495726,
                -0.8211416104302092,
                1.2097370610000002
            ],
            [
                -0.8209852821804111,
                -0.016951785175440933,
                0.5706976462388088,
                -0.5606022950000001
            ],
            [
                0.0,
                0.0,
                0.0,
                1.0
            ]
        ],
        [
            [
                0.0073736866869883455,
                0.9995364031138124,
                0.029539932209547034,
                0.148279404
            ],
            [
                -0.5554105347820161,
                0.028658824570477533,
                -0.831082312185378,
                1.2121229249999999
            ],
            [
                -0.8315436047483004,
                -0.010278648964776092,
                0.5553643693807352,
                -0.550351807
            ],
            [
                0.0,
                0.0,
                0.0,
                1.0
            ]
        ],
        [
            [
                0.025422202609917573,
                0.995311225359041,
                0.09332350341015383,
                0.12269683100000003
            ],
            [
                -0.5230047755925908,
                0.09280057645135087,
                -0.8472626851913406,
                1.2166657709999997
            ],
            [
                -0.8519505363117065,
                -0.027269354311784677,
                0.522911719120555,
                -0.5425753779999999
            ],
            [
                0.0,
                0.0,
                0.0,
                1.0
            ]
        ],
        [
            [
                0.03015063204264357,
                0.985287525163898,
                0.16822435062686358,
                0.09728494300000003
            ],
            [
                -0.47857604030076895,
                0.16198596142396363,
                -0.862974809569544,
                1.22211853
            ],
            [
                -0.8775282975707767,
                -0.05448890765977103,
                0.47641898146965045,
                -0.5347906490000001
            ],
            [
                0.0,
                0.0,
                0.0,
                1.0
            ]
        ],
        [
            [
                0.032740920480171624,
                0.9758160590772426,
                0.21612739523963714,
                0.07285612500000001
            ],
            [
                -0.44539808006310755,
                0.20782934808668033,
                -0.8708774381909103,
                1.228065796
            ],
            [
                -0.8947338053310652,
                -0.06774939793699064,
                0.4414311233669038,
                -0.5265927119999999
            ],
            [
                0.0,
                0.0,
                0.0,
                1.0
            ]
        ],
        [
            [
                0.04095163289350234,
                0.9717864316834307,
                0.2322802078510788,
                0.038648834000000014
            ],
            [
                -0.4212408490314748,
                0.22759688527710847,
                -0.8779269929324425,
                1.235875
            ],
            [
                -0.906023791558808,
                -0.06189336804653011,
                0.41867660565316833,
                -0.509889557
            ],
            [
                0.0,
                0.0,
                0.0,
                1.0
            ]
        ],
        [
            [
                0.057082418997008715,
                0.9754194682959304,
                0.21283434476309143,
                0.07240283199999999
            ],
            [
                -0.40994176226871026,
                0.21728142294603547,
                -0.8858535628367534,
                1.230726074
            ],
            [
                -0.9103237605321935,
                -0.036683022119647433,
                0.412268125009314,
                -0.48103100600000004
            ],
            [
                0.0,
                0.0,
                0.0,
                1.0
            ]
        ],
        [
            [
                0.07433455989451086,
                0.9819054175010667,
                0.1741726852504304,
                0.10880007900000012
            ],
            [
                -0.40982263814319636,
                0.18930462435394577,
                -0.8923055331351265,
                1.2243809809999997
            ],
            [
                -0.9091313318056091,
                -0.0050507702647794,
                0.41647894454472983,
                -0.47153884900000004
            ],
            [
                0.0,
                0.0,
                0.0,
                1.0
            ]
        ],
        [
            [
                0.09265681571927174,
                0.9884314470218162,
                0.12007493093532642,
                0.144348221
            ],
            [
                -0.4116126943054669,
                0.14783099560117327,
                -0.8992891562929914,
                1.2182805179999998
            ],
            [
                -0.9066364786326213,
                0.03390090379214661,
                0.42054848036191544,
                -0.46399356100000005
            ],
            [
                0.0,
                0.0,
                0.0,
                1.0
            ]
        ],
        [
            [
                0.1082863219969915,
                0.9923260891517539,
                0.05969091436013662,
                0.18019505299999997
            ],
            [
                -0.42296047277374216,
                0.100326998935102,
                -0.9005769993485779,
                1.21310144
            ],
            [
                -0.8996546620450406,
                0.072273273576484,
                0.43057875352502273,
                -0.4571165160000001
            ],
            [
                0.0,
                0.0,
                0.0,
                1.0
            ]
        ],
        [
            [
                0.11764257094008067,
                0.9930215310712975,
                0.008274317580588884,
                0.21439810200000003
            ],
            [
                -0.42934304815916646,
                0.058373632564991174,
                -0.9012530532644888,
                1.208757568
            ],
            [
                -0.8954466888095596,
                0.102473205522145,
                0.4332141152478903,
                -0.45198471100000004
            ],
            [
                0.0,
                0.0,
                0.0,
                1.0
            ]
        ],
        [
            [
                0.11888596654962147,
                0.9922276462923817,
                -0.03674812771615339,
                0.24989871200000002
            ],
            [
                -0.4344398631728148,
                0.018702229897547433,
                -0.9005066528811686,
                1.205582275
            ],
            [
                -0.8928203247260607,
                0.12302245538900491,
                0.4332866755695496,
                -0.448125092
            ],
            [
                0.0,
                0.0,
                0.0,
                1.0
            ]
        ],
        [
            [
                0.11378926712149251,
                0.9910727031657126,
                -0.06947589314115354,
                0.286223785
            ],
            [
                -0.43446273129946034,
                -0.013250552820466844,
                -0.9005923372768421,
                1.2049145510000001
            ],
            [
                -0.893473076147103,
                0.13266242832753897,
                0.429076382839319,
                -0.44675567600000005
            ],
            [
                0.0,
                0.0,
                0.0,
                1.0
            ]
        ]
    ]
}