{
    "trj_id": [
        0,
        75,
        194,
        218,
        232
    ],
    "trj_est": [
        [
            [
                -0.02053298671600423,
                0.9993311423096853,
                -0.030259948224347525,
                0.20333189400000004
            ],
            [
                -0.49487831119235715,
                -0.036457315875520806,
                -0.868197167255545,
                1.361986816
            ],
            [
                -0.8687196633943084,
                -0.0028516888280972147,
                0.4952958856107195,
                -0.6383570559999999
            ],
            [
                0.0,
                0.0,
                0.0,
                1.0
            ]
        ],
        [
            [
                -0.0817474876508304,
                0.9946356652991947,
                -0.06332283147366231,
                0.1827776534008789
            ],
            [
                -0.5129368827396967,
                -0.09646223758006049,
                -0.8530122933544115,
                1.369869646036818
            ],
            [
                -0.8545514714447835,
                -0.03725430381744701,
                0.5180681538024126,
                -0.6418342073988658
            ],
            [
                0.0,
                0.0,
                0.0,
                1.0
            ]
        ],
        [
            [
                -0.08225959975461865,
                0.9898025522363593,
                -0.11647425608364477,
                0.16591574114737084
            ],
            [
                -0.523515777201846,
                -0.1423648222560006,
                -0.8401144121830549,
                1.3151010768654972
            ],
            [
                -0.8481081375291346,
                -0.008136844787456242,
                0.5298759305619164,
                -0.5903348216927612
            ],
            [
                0.0,
                0.0,
                0.0,
                1.0
            ]
        ],
        [
            [
                -0.0749202830689617,
                0.9902623790993142,
                -0.11756853137451935,
                0.18427162221664148
            ],
            [
                -0.5227073480620984,
                -0.13940710438231035,
                -0.841125362651742,
                1.2941027281795023
            ],
            [
                -0.849299056462333,
                -0.0015700095525717304,
                0.5280446762384942,
                -0.5736084440018356
            ],
            [
                0.0,
                0.0,
                0.0,
                1.0
            ]
        ],
        [
            [
                -0.06945420084460456,
                0.9906166331342113,
                -0.1179727257244049,
                0.1941265154183104
            ],
            [
                -0.5223116195665176,
                -0.13686895192573417,
                -0.8417963381497084,
                1.2813722875709295
            ],
            [
                -0.8500156430608646,
                0.0031453545406808737,
                0.5268966406067891,
                -0.5647584694084791
            ],
            [
                0.0,
                0.0,
                0.0,
                1.0
            ]
        ]
    ],
    "trj_gt": [
        [
            [
                -0.02053298671600423,
                0.9993311423096853,
                -0.030259948224347525,
                0.20333189400000004
            ],
            [
                -0.49487831119235715,
                -0.036457315875520806,
                -0.868197167255545,
                1.361986816
            ],
            [
                -0.8687196633943084,
                -0.0028516888280972147,
                0.4952958856107195,
                -0.6383570559999999
            ],
            [
                0.0,
                0.0,
                0.0,
                1.0
            ]
        ],
        [
            [
                -0.09241425840506957,
                0.9957187649615026,
                0.0019354449052386155,
                0.20263178999999998
            ],
            [
                -0.5302612741374938,
                -0.047569004764801644,
                -0.8464987719635321,
                1.382577881
            ],
            [
                -0.8427826445730373,
                -0.07925484773328673,
                0.5323871552895043,
                -0.620441284
            ],
            [
                0.0,
                0.0,
                0.0,
                1.0
            ]
        ],
        [
            [
                -0.07786312151062091,
                0.9969158598919864,
                0.00980319358391441,
                0.22003930700000005
            ],
            [
                -0.5682694176783794,
                -0.03630055529077426,
                -0.8220414458024954,
                1.3184494629999997
            ],
            [
                -0.8191502934383278,
                -0.06957756809060552,
                0.5693432697226684,
                -0.5732928470000002
            ],
            [
                0.0,
                0.0,
                0.0,
                1.0
            ]
        ],
        [
            [
                -0.07216485238495542,
                0.9973588544302295,
                0.008218854535641137,
                0.224122726
            ],
            [
                -0.570603511512423,
                -0.03452513696191995,
                -0.8204996328868486,
                1.285880127
            ],
            [
                -0.818048816837938,
                -0.0639009421478361,
                0.5715879659883234,
                -0.5767971189999999
            ],
            [
                0.0,
                0.0,
                0.0,
                1.0
            ]
        ],
        [
            [
                -0.06543384769610573,
                0.997836061739586,
                0.006450230051397725,
                0.22558180199999994
            ],
            [
                -0.5698272789917582,
                -0.03205882986496157,
                -0.8211389063639225,
                1.2670689699999997
            ],
            [
                -0.8191552256395197,
                -0.05740579517542256,
                0.5706919405316194,
                -0.578202271
            ],
            [
                0.0,
                0.0,
                0.0,
                1.0
            ]
        ]
    ]
}