{
    "trj_id": [
        0,
        109,
        153,
        220,
        250,
        267,
        281,
        295,
        314,
        356,
        387,
        410,
        431,
        450,
        477,
        509,
        533,
        560,
        589,
        617,
        644,
        669,
        691,
        711,
        726,
        741,
        758,
        791,
        804,
        818,
        832,
        847,
        861,
        874,
        888,
        900,
        906,
        911,
        925,
        930,
        935,
        943,
        952,
        961,
        979,
        1011,
        1035,
        1045,
        1055,
        1079,
        1108,
        1134,
        1156,
        1177,
        1196,
        1213,
        1229,
        1244,
        1260,
        1281,
        1301,
        1319,
        1335,
        1352,
        1375,
        1400,
        1418,
        1437,
        1454,
        1470,
        1486,
        1501,
        1516,
        1530,
        1545,
        1563,
        1584,
        1598,
        1612,
        1626,
        1639,
        1652,
        1665,
        1679,
        1702,
        1726,
        1750,
        1768,
        1782,
        1793,
        1803,
        1813,
        1822,
        1830,
        1837,
        1843,
        1850,
        1861,
        1873,
        1885
    ],
    "trj_est": [
        [
            [
                -0.9999243880484092,
                0.000679950757599995,
                -0.012281445597367349,
                0.23523132078529313
            ],
            [
                0.010369067340805692,
                -0.49049376684488555,
                -0.8713827569263823,
                1.3378682381345366
            ],
            [
                -0.006616491464223588,
                -0.871443885970901,
                0.4904497767088881,
                -0.6232695136499353
            ],
            [
                0.0,
                0.0,
                0.0,
                1.0
            ]
        ],
        [
            [
                -0.9981292099575775,
                -0.0593229992993222,
                0.014256791649755471,
                0.2358472888700449
            ],
            [
                0.018666060930899123,
                -0.5193955338497844,
                -0.8543329495364458,
                1.354858016525987
            ],
            [
                0.05808507194633539,
                -0.8524771870211584,
                0.5195405568315336,
                -0.6089028791440483
            ],
            [
                0.0,
                0.0,
                0.0,
                1.0
            ]
        ],
        [
            [
                -0.9959580830424923,
                -0.08184960051084107,
                0.03675908473810018,
                0.23540461782766406
            ],
            [
                0.015546205555678273,
                -0.5609026683223971,
                -0.8277386853500694,
                1.3832720565562802
            ],
            [
                0.08836759801098928,
                -0.8238304869631524,
                0.5599178073005265,
                -0.5584541985399226
            ],
            [
                0.0,
                0.0,
                0.0,
                1.0
            ]
        ],
        [
            [
                -0.9976850270088118,
                -0.060701855997026676,
                0.030526328263212093,
                0.24913694703448352
            ],
            [
                0.009117554362189062,
                -0.5648120734723587,
                -0.8251678470855912,
                1.3165059695498458
            ],
            [
                0.06733057963050387,
                -0.8229837820549353,
                0.5640615343492078,
                -0.5575165022829046
            ],
            [
                0.0,
                0.0,
                0.0,
                1.0
            ]
        ],
        [
            [
                -0.9981493115575888,
                -0.05348350311632064,
                0.028888440941004984,
                0.25493522346078323
            ],
            [
                0.00644003060582873,
                -0.5656092534317713,
                -0.8246490886054142,
                1.281384118902595
            ],
            [
                0.06044432313406762,
                -0.8229366233154173,
                0.5649097058280186,
                -0.5617281776914584
            ],
            [
                0.0,
                0.0,
                0.0,
                1.0
            ]
        ],
        [
            [
                -0.9984645634274092,
                -0.048309734653757645,
                0.027083710726746823,
                0.25736249090809105
            ],
            [
                0.005034568683468332,
                -0.5661564188850364,
                -0.8242864077808533,
                1.2597038816210964
            ],
            [
                0.05515461270571896,
                -0.8228836331631985,
                0.5655301399766839,
                -0.5639553357381434
            ],
            [
                0.0,
                0.0,
                0.0,
                1.0
            ]
        ],
        [
            [
                -0.9987859872704018,
                -0.04218299240636263,
                0.0253694833543618,
                0.2582926675311765
            ],
            [
                0.003001084926688011,
                -0.5665971046078697,
                -0.8239905654320226,
                1.2409352286600865
            ],
            [
                0.04913212903027925,
                -0.8229149581268815,
                0.5660394127466082,
                -0.5654517547285246
            ],
            [
                0.0,
                0.0,
                0.0,
                1.0
            ]
        ],
        [
            [
                -0.9991775317903531,
                -0.033641485089580626,
                0.02264154306480941,
                0.25671691170322564
            ],
            [
                0.00043230621231290405,
                -0.5671477077165048,
                -0.823620565199566,
                1.2212112645696624
            ],
            [
                0.04054907852384614,
                -0.8229314186147342,
                0.5666987539609607,
                -0.5656204116544741
            ],
            [
                0.0,
                0.0,
                0.0,
                1.0
            ]
        ],
        [
            [
                -0.999519844245015,
                -0.022707197109079674,
                0.020993596181573187,
                0.24540064318522742
            ],
            [
                -0.004394869152643305,
                -0.567645145793362,
                -0.8232614357376581,
                1.1977074913823558
            ],
            [
                0.030610922450381037,
                -0.8229604833883961,
                0.5672742928507111,
                -0.5599648331567005
            ],
            [
                0.0,
                0.0,
                0.0,
                1.0
            ]
        ],
        [
            [
                -0.9997590378189953,
                0.001641243812049562,
                0.021743789131255215,
                0.21105441265667046
            ],
            [
                -0.01885382447554282,
                -0.5660992999555639,
                -0.8241224086104298,
                1.1864469411828003
            ],
            [
                0.010957400136068553,
                -0.82433427116392,
                0.5659966290082571,
                -0.5463357249303621
            ],
            [
                0.0,
                0.0,
                0.0,
                1.0
            ]
        ],
        [
            [
                -0.9985518824726178,
                0.029201748485399054,
                0.04517290130185538,
                0.18263810803084016
            ],
            [
                -0.053786815779352425,
                -0.5525409067882675,
                -0.8317498678999907,
                1.1892884382562983
            ],
            [
                0.0006724121065898968,
                -0.8329746152138106,
                0.5533135971189989,
                -0.5370985483920654
            ],
            [
                0.0,
                0.0,
                0.0,
                1.0
            ]
        ],
        [
            [
                -0.9937493122805466,
                0.047451759161304875,
                0.10104709883458357,
                0.1597607247127452
            ],
            [
                -0.11092800717074323,
                -0.5214666689197299,
                -0.8460330765192199,
                1.1949800434304787
            ],
            [
                0.012547778327319877,
                -0.8519523374378902,
                0.5234734923650005,
                -0.5310586186704453
            ],
            [
                0.0,
                0.0,
                0.0,
                1.0
            ]
        ],
        [
            [
                -0.9827566291914092,
                0.054719213452518435,
                0.17662485237079692,
                0.1365865750029995
            ],
            [
                -0.18113980836794985,
                -0.4767573706338494,
                -0.860169439134105,
                1.2023998251190227
            ],
            [
                0.037140841991534376,
                -0.8773306685442563,
                0.4784479944730079,
                -0.5251560148181127
            ],
            [
                0.0,
                0.0,
                0.0,
                1.0
            ]
        ],
        [
            [
                -0.9721104490641433,
                0.05710046935439058,
                0.2274626521722428,
                0.1138276256934048
            ],
            [
                -0.2289171303780504,
                -0.4417944436457538,
                -0.8674178530045737,
                1.2088782489480032
            ],
            [
                0.050963144125759065,
                -0.8952959328058029,
                0.44254570755290773,
                -0.5182799246570753
            ],
            [
                0.0,
                0.0,
                0.0,
                1.0
            ]
        ],
        [
            [
                -0.9661701735332434,
                0.06477884418972488,
                0.2496320500534196,
                0.08043378943314512
            ],
            [
                -0.2535730589933412,
                -0.41525694468212376,
                -0.8736499754352192,
                1.2161603733685564
            ],
            [
                0.047068624190105074,
                -0.9073941547045324,
                0.4176357365372065,
                -0.5034290808875939
            ],
            [
                0.0,
                0.0,
                0.0,
                1.0
            ]
        ],
        [
            [
                -0.9685503181574154,
                0.0796770959001908,
                0.23571042121085842,
                0.1044328792675848
            ],
            [
                -0.24768328426915323,
                -0.3989874861019931,
                -0.8828726638957894,
                1.2124103874679977
            ],
            [
                0.023701710756309228,
                -0.9134879227035506,
                0.4061753415251746,
                -0.47293636809855893
            ],
            [
                0.0,
                0.0,
                0.0,
                1.0
            ]
        ],
        [
            [
                -0.9751779231522497,
                0.09602245727885853,
                0.19951653054643595,
                0.14022152779153704
            ],
            [
                -0.22133422782374368,
                -0.39734196857144316,
                -0.89057894674204,
                1.205081618915782
            ],
            [
                -0.006238987928589323,
                -0.912633770733275,
                0.4087329628163774,
                -0.46157728666917547
            ],
            [
                0.0,
                0.0,
                0.0,
                1.0
            ]
        ],
        [
            [
                -0.982593070333166,
                0.1147590945855456,
                0.146068121191718,
                0.17515767757435333
            ],
            [
                -0.18043578713148598,
                -0.4028093918449303,
                -0.8973238083189515,
                1.1974510055018
            ],
            [
                -0.044138623300125156,
                -0.9080609899064688,
                0.41650642414213523,
                -0.45195700854871956
            ],
            [
                0.0,
                0.0,
                0.0,
                1.0
            ]
        ],
        [
            [
                -0.9877301570255556,
                0.1300883738501937,
                0.0864159869249502,
                0.20901467758137798
            ],
            [
                -0.13316404646656876,
                -0.41241979667609663,
                -0.9012086651153678,
                1.1906921676477906
            ],
            [
                -0.08159678371346522,
                -0.9016583067680488,
                0.4246819283802166,
                -0.44370119209352216
            ],
            [
                0.0,
                0.0,
                0.0,
                1.0
            ]
        ],
        [
            [
                -0.9895974023443393,
                0.140540909636071,
                0.030723206186646892,
                0.24256850211076306
            ],
            [
                -0.08787987595907934,
                -0.4214895897414844,
                -0.902563842287369,
                1.1847846779019466
            ],
            [
                -0.11389667860176937,
                -0.8958760219854933,
                0.42945775073140635,
                -0.43706608277574743
            ],
            [
                0.0,
                0.0,
                0.0,
                1.0
            ]
        ],
        [
            [
                -0.9896359872425796,
                0.14276715570772885,
                -0.015432617579088084,
                0.27630322986528444
            ],
            [
                -0.0476590891780654,
                -0.4279279086093383,
                -0.9025553772212284,
                1.1804903945344751
            ],
            [
                -0.13545998788387986,
                -0.892465346701476,
                0.43029932392485404,
                -0.43244454344809824
            ],
            [
                0.0,
                0.0,
                0.0,
                1.0
            ]
        ],
        [
            [
                -0.98922342482627,
                0.13754784805596326,
                -0.050162532807215374,
                0.31128315188863487
            ],
            [
                -0.014125763627883713,
                -0.43068877500532043,
                -0.9023889813472595,
                1.1785458435503657
            ],
            [
                -0.1457266499030192,
                -0.8919552507154874,
                0.42799251421856305,
                -0.4303265317676997
            ],
            [
                0.0,
                0.0,
                0.0,
                1.0
            ]
        ],
        [
            [
                -0.989176183663897,
                0.12640913454107727,
                -0.07449356255117437,
                0.34554204584720133
            ],
            [
                0.013061571710604701,
                -0.4298317367664325,
                -0.90281341506703,
                1.1820706926374946
            ],
            [
                -0.1461436661315361,
                -0.8940143623762346,
                0.4235294524056489,
                -0.4332378496800052
            ],
            [
                0.0,
                0.0,
                0.0,
                1.0
            ]
        ],
        [
            [
                -0.9897840346485891,
                0.10893534340801368,
                -0.09198304934671885,
                0.3724084909187936
            ],
            [
                0.03707672370223436,
                -0.42629762427941054,
                -0.9038220333922513,
                1.2013595559730352
            ],
            [
                -0.1376710519710384,
                -0.897999525965891,
                0.4179040122942309,
                -0.4503151994852302
            ],
            [
                0.0,
                0.0,
                0.0,
                1.0
            ]
        ],
        [
            [
                -0.9908150640916698,
                0.0862967136249781,
                -0.10408593405757313,
                0.37723432779106847
            ],
            [
                0.05848524844712421,
                -0.4205365991136611,
                -0.9053876931823566,
                1.2302138242406462
            ],
            [
                -0.12190440006162306,
                -0.9031608881815373,
                0.41162831939894706,
                -0.4778648273216107
            ],
            [
                0.0,
                0.0,
                0.0,
                1.0
            ]
        ],
        [
            [
                -0.9917881123354414,
                0.05936497206232533,
                -0.113270247515201,
                0.3727794319946766
            ],
            [
                0.07872158577104765,
                -0.4146280523045656,
                -0.906579105370333,
                1.2601159836172098
            ],
            [
                -0.1007847399219059,
                -0.9080506030385066,
                0.4065503367962675,
                -0.5077919431486517
            ],
            [
                0.0,
                0.0,
                0.0,
                1.0
            ]
        ],
        [
            [
                -0.9914734078231708,
                0.033335942195213616,
                -0.12596532112590905,
                0.3665709209613471
            ],
            [
                0.10175450828643266,
                -0.4057747289462433,
                -0.9082906749318826,
                1.2920095089602486
            ],
            [
                -0.08139282899420672,
                -0.9133648714666004,
                0.39892336633032843,
                -0.5393271044626509
            ],
            [
                0.0,
                0.0,
                0.0,
                1.0
            ]
        ],
        [
            [
                -0.9853705896824816,
                0.011971924407519268,
                -0.17000236407336322,
                0.38241337755990457
            ],
            [
                0.15276577081923431,
                -0.3801339935276621,
                -0.9122287631874137,
                1.2685968424761027
            ],
            [
                -0.07554502575696313,
                -0.9248535333762655,
                0.3727438979250733,
                -0.5072847280941631
            ],
            [
                0.0,
                0.0,
                0.0,
                1.0
            ]
        ],
        [
            [
                -0.9813625488102489,
                0.01705035551020113,
                -0.19140297795012245,
                0.38874759717313395
            ],
            [
                0.17180274532215348,
                -0.3683439764713855,
                -0.9136773420379471,
                1.241631915445075
            ],
            [
                -0.08608092956560298,
                -0.9295313692097966,
                0.3585503330110133,
                -0.47813592087198514
            ],
            [
                0.0,
                0.0,
                0.0,
                1.0
            ]
        ],
        [
            [
                -0.9768286116818536,
                0.02853491367093305,
                -0.2121114397320863,
                0.3944206397392324
            ],
            [
                0.18828717360217612,
                -0.3566140300202766,
                -0.9150814467977871,
                1.2149390642126137
            ],
            [
                -0.10175401822656291,
                -0.9338152961979467,
                0.3429787107312222,
                -0.45045722594740956
            ],
            [
                0.0,
                0.0,
                0.0,
                1.0
            ]
        ],
        [
            [
                -0.9718248186833269,
                0.04077031970022956,
                -0.23214624258188354,
                0.39889541151422936
            ],
            [
                0.20423654657774318,
                -0.3459728528259583,
                -0.9157464854178459,
                1.1899464077229565
            ],
            [
                -0.1176513339931265,
                -0.9373577489613313,
                0.32789975069676086,
                -0.4259228889977386
            ],
            [
                0.0,
                0.0,
                0.0,
                1.0
            ]
        ],
        [
            [
                -0.9649589379668337,
                0.054603617102888,
                -0.25665580869760096,
                0.40297970723923937
            ],
            [
                0.22482853188144833,
                -0.33228484588160867,
                -0.9159904346645272,
                1.1636116699574681
            ],
            [
                -0.13529967782056118,
                -0.9415961829085093,
                0.3083657540165168,
                -0.40281328411160283
            ],
            [
                0.0,
                0.0,
                0.0,
                1.0
            ]
        ],
        [
            [
                -0.956684884356539,
                0.0646775215568551,
                -0.2838501651286633,
                0.40589285993462626
            ],
            [
                0.2501525518695786,
                -0.31613144210951466,
                -0.9151434385088416,
                1.1388828996083917
            ],
            [
                -0.14892345763375114,
                -0.9465067998713621,
                0.28626017552039046,
                -0.38426640072791507
            ],
            [
                0.0,
                0.0,
                0.0,
                1.0
            ]
        ],
        [
            [
                -0.9474398563406817,
                0.06086695016732936,
                -0.3140927948459049,
                0.4077045993052317
            ],
            [
                0.2833528753616028,
                -0.29623171322457603,
                -0.9121177836689038,
                1.114361433936815
            ],
            [
                -0.14856235554462607,
                -0.9531745946016783,
                0.2634155541026825,
                -0.36941083123319857
            ],
            [
                0.0,
                0.0,
                0.0,
                1.0
            ]
        ],
        [
            [
                -0.934339987988744,
                0.022873422261362842,
                -0.35564803678191004,
                0.4062623666225025
            ],
            [
                0.338573354746117,
                -0.2545537513184597,
                -0.9058527505048235,
                1.0896521244969444
            ],
            [
                -0.11125120535274435,
                -0.9667873968872127,
                0.2300951836067939,
                -0.3579538799179258
            ],
            [
                0.0,
                0.0,
                0.0,
                1.0
            ]
        ],
        [
            [
                -0.9160697724277683,
                -0.06330878985187736,
                -0.3959904749017027,
                0.40400833846669326
            ],
            [
                0.400610865563373,
                -0.18903398924324652,
                -0.8965363440529758,
                1.068447933113502
            ],
            [
                -0.01809752865938502,
                -0.9799267399793455,
                0.1985306539753368,
                -0.35127430424945494
            ],
            [
                0.0,
                0.0,
                0.0,
                1.0
            ]
        ],
        [
            [
                -0.8992342236110527,
                -0.11356014338999063,
                -0.42247163362429657,
                0.4034538987949431
            ],
            [
                0.4362348709912327,
                -0.16029881845110558,
                -0.8854388705595322,
                1.0541346078273601
            ],
            [
                0.032829126509856706,
                -0.9805148901455065,
                0.19368516075847347,
                -0.34581961363402464
            ],
            [
                0.0,
                0.0,
                0.0,
                1.0
            ]
        ],
        [
            [
                -0.8838911641390609,
                -0.1464278092657087,
                -0.4441788940638646,
                0.40347635486301947
            ],
            [
                0.4640782816911184,
                -0.15675752289603595,
                -0.8718131288765566,
                1.0397710619754437
            ],
            [
                0.058029053272062994,
                -0.976721662281769,
                0.20651068178509163,
                -0.3402482837865032
            ],
            [
                0.0,
                0.0,
                0.0,
                1.0
            ]
        ],
        [
            [
                -0.8638336482027039,
                -0.18614821131643144,
                -0.4681250223901909,
                0.4169494830903462
            ],
            [
                0.49766547394540184,
                -0.17100870677415503,
                -0.8503437183594652,
                1.0452243767430884
            ],
            [
                0.07823665536099,
                -0.9675249747439698,
                0.24036265556620995,
                -0.3428674715743517
            ],
            [
                0.0,
                0.0,
                0.0,
                1.0
            ]
        ],
        [
            [
                -0.8566157504471955,
                -0.19892385344206923,
                -0.47606791822568223,
                0.4223347406044415
            ],
            [
                0.5100975516038841,
                -0.1878302544282553,
                -0.839358594773425,
                1.0600011865353796
            ],
            [
                0.07754820738883914,
                -0.9618472176374672,
                0.2623689551004725,
                -0.351255719215047
            ],
            [
                0.0,
                0.0,
                0.0,
                1.0
            ]
        ],
        [
            [
                -0.8496022448427354,
                -0.21119835018415667,
                -0.4832916455548888,
                0.428092447130884
            ],
            [
                0.5219899713006042,
                -0.20548964340987078,
                -0.8278292665449711,
                1.0744616333914618
            ],
            [
                0.07552468855021646,
                -0.9555988367530217,
                0.28482824184849787,
                -0.3596826372156822
            ],
            [
                0.0,
                0.0,
                0.0,
                1.0
            ]
        ],
        [
            [
                -0.8373821339128248,
                -0.2296271913543874,
                -0.4960479211984228,
                0.441340424045301
            ],
            [
                0.5424205239864398,
                -0.23680731849500325,
                -0.8060414719992789,
                1.0874782411840052
            ],
            [
                0.06762145478746401,
                -0.9440304480017327,
                0.3228529317395399,
                -0.3722969621672032
            ],
            [
                0.0,
                0.0,
                0.0,
                1.0
            ]
        ],
        [
            [
                -0.821590361246906,
                -0.24729780727855794,
                -0.5136468263822588,
                0.4584557777016285
            ],
            [
                0.5675289278117982,
                -0.2697028911242431,
                -0.7779283150331086,
                1.0822997641472638
            ],
            [
                0.05384842159977141,
                -0.9306450717908201,
                0.36193414323000594,
                -0.3759570487812952
            ],
            [
                0.0,
                0.0,
                0.0,
                1.0
            ]
        ],
        [
            [
                -0.8019026676952299,
                -0.2497034047570385,
                -0.5427719488644831,
                0.47238474476928666
            ],
            [
                0.5974550127996713,
                -0.33304891144692894,
                -0.7294714383421711,
                1.0704243278797076
            ],
            [
                0.0013825955538330735,
                -0.9092450576564527,
                0.41625903340321885,
                -0.3728437657879061
            ],
            [
                0.0,
                0.0,
                0.0,
                1.0
            ]
        ],
        [
            [
                -0.7821411073536699,
                -0.16606762853579723,
                -0.6005644027175169,
                0.4842335699282928
            ],
            [
                0.5997870767946897,
                -0.46183879137104594,
                -0.6534219354779282,
                1.0573627924451023
            ],
            [
                -0.1688516389446487,
                -0.8712774525895075,
                0.46082947663321155,
                -0.36600835012724997
            ],
            [
                0.0,
                0.0,
                0.0,
                1.0
            ]
        ],
        [
            [
                -0.7133439197542357,
                0.08471762361522121,
                -0.6956749587729659,
                0.49542957643420904
            ],
            [
                0.48080946155780435,
                -0.6630381678187269,
                -0.5737644014007549,
                1.0424980452029045
            ],
            [
                -0.5098681301827661,
                -0.7437781083215752,
                0.4322405910776071,
                -0.3554600319111448
            ],
            [
                0.0,
                0.0,
                0.0,
                1.0
            ]
        ],
        [
            [
                -0.6146617981666417,
                0.27466068513537295,
                -0.7394265214515165,
                0.5062360897542173
            ],
            [
                0.3174847187534478,
                -0.771987788691261,
                -0.5506713909841632,
                1.0261903047603271
            ],
            [
                -0.7220753082410722,
                -0.5732316136428404,
                0.3873106049773907,
                -0.349303995189404
            ],
            [
                0.0,
                0.0,
                0.0,
                1.0
            ]
        ],
        [
            [
                -0.5919083753327227,
                0.3276460917171626,
                -0.736405555019341,
                0.5179170729586041
            ],
            [
                0.24048878737475743,
                -0.8002390123253679,
                -0.5493475581628725,
                1.0087181454354217
            ],
            [
                -0.7692921744246498,
                -0.5022616889549406,
                0.39487213390446185,
                -0.34787244070109247
            ],
            [
                0.0,
                0.0,
                0.0,
                1.0
            ]
        ],
        [
            [
                -0.6077647571902898,
                0.3387671272708848,
                -0.7182334889207196,
                0.526202866555301
            ],
            [
                0.20445757169795442,
                -0.807198013088508,
                -0.5537411273331205,
                0.9938421142703661
            ],
            [
                -0.7673471534487507,
                -0.48338909701329813,
                0.42132262048763336,
                -0.35432282923390956
            ],
            [
                0.0,
                0.0,
                0.0,
                1.0
            ]
        ],
        [
            [
                -0.6318918976365943,
                0.3406081602367211,
                -0.6962035099514147,
                0.5251474438332603
            ],
            [
                0.1824326747672602,
                -0.8076609689392988,
                -0.560718557935753,
                0.9835023607567033
            ],
            [
                -0.753280924582607,
                -0.48132006939822525,
                0.4482163127243841,
                -0.367406960868438
            ],
            [
                0.0,
                0.0,
                0.0,
                1.0
            ]
        ],
        [
            [
                -0.6655970366583805,
                0.33903807620913246,
                -0.6648550256685214,
                0.5174275472456163
            ],
            [
                0.1651368261911085,
                -0.8018674344304876,
                -0.5742294743845175,
                0.9804935834224213
            ],
            [
                -0.7278117328001802,
                -0.49199548756656164,
                0.4777331910855511,
                -0.3814458850548622
            ],
            [
                0.0,
                0.0,
                0.0,
                1.0
            ]
        ],
        [
            [
                -0.7049477260320688,
                0.33310017643236023,
                -0.6261733336343372,
                0.5086067851309127
            ],
            [
                0.15233561275359542,
                -0.7911428922024342,
                -0.5923592099274676,
                0.9807181116733129
            ],
            [
                -0.6927068920386767,
                -0.512971973015835,
                0.5069745082410607,
                -0.3941835972721251
            ],
            [
                0.0,
                0.0,
                0.0,
                1.0
            ]
        ],
        [
            [
                -0.7478943517280883,
                0.32224709760831,
                -0.5803534078814634,
                0.4996957278604503
            ],
            [
                0.1416486841536838,
                -0.7766591756330664,
                -0.6137874802977946,
                0.982021821374498
            ],
            [
                -0.6485289727606892,
                -0.5412558190553675,
                0.5352156747117345,
                -0.4066501978890362
            ],
            [
                0.0,
                0.0,
                0.0,
                1.0
            ]
        ],
        [
            [
                -0.7883115529574874,
                0.30786366059600667,
                -0.532719080557236,
                0.4909738958779
            ],
            [
                0.13171391895047313,
                -0.761306136465014,
                -0.6348761078400537,
                0.9838868682546547
            ],
            [
                -0.6010172567845559,
                -0.5706458249499055,
                0.5595979115813854,
                -0.4183030335590256
            ],
            [
                0.0,
                0.0,
                0.0,
                1.0
            ]
        ],
        [
            [
                -0.8253114936557544,
                0.2902257101343289,
                -0.4843859298411193,
                0.4821295755737438
            ],
            [
                0.121679243183295,
                -0.746253288659418,
                -0.6544484556913064,
                0.9860307425744791
            ],
            [
                -0.5514136777042062,
                -0.5990629784690118,
                0.5805792114232166,
                -0.429687352560782
            ],
            [
                0.0,
                0.0,
                0.0,
                1.0
            ]
        ],
        [
            [
                -0.8570309482921002,
                0.27104901267060977,
                -0.43821392136314746,
                0.47319431398013656
            ],
            [
                0.11145710711148352,
                -0.732808280961381,
                -0.6712448746062474,
                0.9883125781700983
            ],
            [
                -0.5030685754045959,
                -0.6241178213975851,
                0.5978308446537194,
                -0.44035794959174956
            ],
            [
                0.0,
                0.0,
                0.0,
                1.0
            ]
        ],
        [
            [
                -0.8846443413104415,
                0.2507201423848888,
                -0.3931216457363804,
                0.4637265593947084
            ],
            [
                0.10046844044121764,
                -0.720822200513602,
                -0.6858002677150553,
                0.9909411309634477
            ],
            [
                -0.45531433066196303,
                -0.6461854496950679,
                0.6124840068793403,
                -0.45096758465699677
            ],
            [
                0.0,
                0.0,
                0.0,
                1.0
            ]
        ],
        [
            [
                -0.9081277484523889,
                0.22921366660624926,
                -0.35037982553209923,
                0.45376259970145383
            ],
            [
                0.08938603242192805,
                -0.711412068225131,
                -0.6970666461180832,
                0.993567807219647
            ],
            [
                -0.4090434977025626,
                -0.6643453571387847,
                0.6255650009645859,
                -0.4611428221155631
            ],
            [
                0.0,
                0.0,
                0.0,
                1.0
            ]
        ],
        [
            [
                -0.9297958339132376,
                0.20470168455286142,
                -0.3059046101875682,
                0.44175867364983945
            ],
            [
                0.07738305195332253,
                -0.7038035362742677,
                -0.7061662116180313,
                0.9963220866163195
            ],
            [
