{
    "trj_id": [
        0,
        100,
        119,
        228,
        247,
        262,
        276,
        291,
        330,
        357
    ],
    "trj_est": [
        [
            [
                -0.020497592873569892,
                0.99933104970588,
                -0.030286990278556303,
                0.20333125300000005
            ],
            [
                -0.49487111397866385,
                -0.03646325458514555,
                -0.8682010202796209,
                1.3619864499999998
            ],
            [
                -0.8687245991888947,
                -0.0028078744278995935,
                0.4952874787487479,
                -0.638354492
            ],
            [
                0.0,
                0.0,
                0.0,
                1.0
            ]
        ],
        [
            [
                -0.08187693286060502,
                0.9946267638944561,
                -0.06336736041689592,
                0.18294346818864984
            ],
            [
                -0.5129097088377832,
                -0.09656732200659311,
                -0.8530154980874213,
                1.3697791961755557
            ],
            [
                -0.8545625599026472,
                -0.03734188385960948,
                0.5180556436909177,
                -0.6416793983341179
            ],
            [
                0.0,
                0.0,
                0.0,
                1.0
            ]
        ],
        [
            [
                -0.11714969807212777,
                0.9883006465118679,
                -0.09771337366093509,
                0.15553001430830088
            ],
            [
                -0.5247433366946934,
                -0.145135225492351,
                -0.8388262888189482,
                1.377168319539101
            ],
            [
                -0.843203979769498,
                -0.046995377690527924,
                0.5355973242651555,
                -0.6464569413792893
            ],
            [
                0.0,
                0.0,
                0.0,
                1.0
            ]
        ],
        [
            [
                -0.0796545033379046,
                0.9899631877063367,
                -0.11694075294075444,
                0.17298439026593868
            ],
            [
                -0.52345124940012,
                -0.14138386096925115,
                -0.8403250167788318,
                1.3076294908003323
            ],
            [
                -0.8484246095124496,
                -0.005726072607823669,
                0.5294295115436215,
                -0.5839602979451401
            ],
            [
                0.0,
                0.0,
                0.0,
                1.0
            ]
        ],
        [
            [
                -0.0734979638615238,
                0.9903606816075146,
                -0.11762858064903135,
                0.18714650380677622
            ],
            [
                -0.5226751111097175,
                -0.1387113570970992,
                -0.8412620096763799,
                1.2906620539368334
            ],
            [
                -0.8494701646087696,
                -0.0003535285319945038,
                0.5277972113752714,
                -0.5709269389662308
            ],
            [
                0.0,
                0.0,
                0.0,
                1.0
            ]
        ],
        [
            [
                -0.0667874057712554,
                0.9907340809133733,
                -0.11850016033259447,
                0.19786388445976497
            ],
            [
                -0.5220746307411006,
                -0.13591844809185524,
                -0.8420967942362997,
                1.2764010380687631
            ],
            [
                -0.8503998789725971,
                0.005620624526664161,
                0.5262812736392098,
                -0.5615827333576329
            ],
            [
                0.0,
                0.0,
                0.0,
                1.0
            ]
        ],
        [
            [
                -0.05792608718966885,
                0.9912056273932642,
                -0.11925964977985501,
                0.20711533468572305
            ],
            [
                -0.52102304417685,
                -0.13192596185230893,
                -0.8433902942615957,
                1.2604630752318817
            ],
            [
                -0.8517020471744602,
                0.013278668088320636,
                0.524044144385021,
                -0.5542833018205238
            ],
            [
                0.0,
                0.0,
                0.0,
                1.0
            ]
        ],
        [
            [
                -0.04797618515102458,
                0.9916757796062572,
                -0.11978308707588349,
                0.21284819747988057
            ],
            [
                -0.5206724186722526,
                -0.1271798794931403,
                -0.8443399726989126,
                1.2365196861999652
            ],
            [
                -0.852541836005766,
                0.021855322112262876,
                0.5224003193283739,
                -0.5519885853112514
            ],
            [
                0.0,
                0.0,
                0.0,
                1.0
            ]
        ],
        [
            [
                -0.023824151221558336,
                0.9926679098311315,
                -0.11885436850346535,
                0.20580767725661456
            ],
            [
                -0.5242354586596442,
                -0.11364986392514209,
                -0.8440883760242552,
                1.2040703263008539
            ],
            [
                -0.8513998230936732,
                0.04219163170116356,
                0.52305404134257,
                -0.5721094966694849
            ],
            [
                0.0,
                0.0,
                0.0,
                1.0
            ]
        ],
        [
            [
                0.00011234395028686098,
                0.9944369884032958,
                -0.10575396431629007,
                0.19610839231904198
            ],
            [
                -0.5427554657963399,
                -0.08877648779068602,
                -0.8353344249741628,
                1.1884598700148068
            ],
            [
                -0.8400674462593036,
                0.05748476253586295,
                0.5396773654919198,
                -0.5943519148124453
            ],
            [
                0.0,
                0.0,
                0.0,
                1.0
            ]
        ]
    ],
    "trj_gt": [
        [
            [
                -0.020497592873569892,
                0.99933104970588,
                -0.030286990278556303,
                0.20333125300000005
            ],
            [
                -0.49487111397866385,
                -0.03646325458514555,
                -0.8682010202796209,
                1.3619864499999998
            ],
            [
                -0.8687245991888947,
                -0.0028078744278995935,
                0.4952874787487479,
                -0.638354492
            ],
            [
                0.0,
                0.0,
                0.0,
                1.0
            ]
        ],
        [
            [
                -0.09241425840506957,
                0.9957187649615026,
                0.0019354449052386155,
                0.20263178999999998
            ],
            [
                -0.5302612741374938,
                -0.047569004764801644,
                -0.8464987719635321,
                1.382577881
            ],
            [
                -0.8427826445730373,
                -0.07925484773328673,
                0.5323871552895043,
                -0.620441284
            ],
            [
                0.0,
                0.0,
                0.0,
                1.0
            ]
        ],
        [
            [
                -0.11415499661783579,
                0.9932829873530643,
                0.01890882815392602,
                0.20190724200000004
            ],
            [
                -0.5563798821735849,
                -0.048151505269530506,
                -0.8295317108180899,
                1.4024963379999997
            ],
            [
                -0.8230492472869959,
                -0.10521568122314813,
                0.5581394063897109,
                -0.599431885
            ],
            [
                0.0,
                0.0,
                0.0,
                1.0
            ]
        ],
        [
            [
                -0.07496865817974274,
                0.997141017440499,
                0.009460001504008494,
                0.22182093800000005
            ],
            [
                -0.5684493920395565,
                -0.03493988679179139,
                -0.8219759686273289,
                1.306196533
            ],
            [
                -0.8192954222870941,
                -0.06699996752763199,
                0.5694436015714888,
                -0.5745853879999998
            ],
            [
                0.0,
                0.0,
                0.0,
                1.0
            ]
        ],
        [
            [
                -0.06754106760244115,
                0.9976865609518479,
                0.007728536937661232,
                0.22439327999999997
            ],
            [
                -0.5715590989281565,
                -0.03234172487923725,
                -0.819923294744252,
                1.2806832280000002
            ],
            [
                -0.8177764979623445,
                -0.05979581028726037,
                0.5724212264168177,
                -0.577199768
            ],
            [
                0.0,
                0.0,
                0.0,
                1.0
            ]
        ],
        [
            [
                -0.06277435036874089,
                0.9980128787608312,
                0.005447454754341658,
                0.22560472099999998
            ],
            [
                -0.5696577503239265,
                -0.03134828086498464,
                -0.8212839538081168,
                1.2601750489999997
            ],
            [
                -0.8194811946784779,
                -0.054658751488925295,
                0.5704936392756771,
                -0.5786030879999998
            ],
            [
                0.0,
                0.0,
                0.0,
                1.0
            ]
        ],
        [
            [
                -0.05581565840543033,
                0.9984317595605743,
                0.004316685944466381,
                0.22366946399999998
            ],
            [
                -0.5687226131497974,
                -0.028239405432848863,
                -0.8220444788895942,
                1.2399781490000001
            ],
            [
                -0.8206334148502809,
                -0.0483379507382557,
                0.5694069203562531,
                -0.578648376
            ],
            [
                0.0,
                0.0,
                0.0,
                1.0
            ]
        ],
        [
            [
                -0.045929958569886575,
                0.9989356997090991,
                0.004231637089958437,
                0.21251959199999998
            ],
            [
                -0.5691172436247842,
                -0.022685509495143693,
                -0.8219433865345436,
                1.219328125
            ],
            [
                -0.8209725951057666,
                -0.040160123326981434,
                0.5695534764880862,
                -0.573195618
            ],
            [
                0.0,
                0.0,
                0.0,
                1.0
            ]
        ],
        [
            [
                -0.01720825018798211,
                0.9998344495140337,
                0.005911826319960285,
                0.177725067
            ],
            [
                -0.5692576405440681,
                -0.004936370372165098,
                -0.8221443735316504,
                1.209681763
            ],
            [
                -0.8219790841667862,
                -0.01751301837258123,
                0.5692483459614205,
                -0.5599855959999999
            ],
            [
                0.0,
                0.0,
                0.0,
                1.0
            ]
        ],
        [
            [
                0.006430390480056673,
                0.9995871233801301,
                0.028004157743288686,
                0.149264526
            ],
            [
                -0.5562446353618262,
                0.02684778265656306,
                -0.8305847953084714,
                1.2119776609999997
            ],
            [
                -0.8309937158062408,
                -0.010236177951899125,
                0.5561876166829623,
                -0.55066394
            ],
            [
                0.0,
                0.0,
                0.0,
                1.0
            ]
        ]
    ]
}