{
    "trj_id": [
        0,
        100,
        119,
        228,
        247
    ],
    "trj_est": [
        [
            [
                -0.020497592873569892,
                0.99933104970588,
                -0.030286990278556303,
                0.20333125300000005
            ],
            [
                -0.49487111397866385,
                -0.03646325458514555,
                -0.8682010202796209,
                1.3619864499999998
            ],
            [
                -0.8687245991888947,
                -0.0028078744278995935,
                0.4952874787487479,
                -0.638354492
            ],
            [
                0.0,
                0.0,
                0.0,
                1.0
            ]
        ],
        [
            [
                -0.08193960688233294,
                0.9946233307506159,
                -0.06333805602055059,
                0.18292640949765523
            ],
            [
                -0.5129053342777722,
                -0.0965745955906537,
                -0.8530172493958256,
                1.3698227745463538
            ],
            [
                -0.8545592379578448,
                -0.03741080048447862,
                0.5180562859743963,
                -0.6416853211168217
            ],
            [
                0.0,
                0.0,
                0.0,
                1.0
            ]
        ],
        [
            [
                -0.11717363269343348,
                0.9883181381145191,
                -0.09751044381901348,
                0.15560673797035218
            ],
            [
                -0.5247124281367636,
                -0.14497414878380954,
                -0.8388732797232091,
                1.3771491501036839
            ],
            [
                -0.843219309269416,
                -0.0471302951588147,
                0.5355609387259755,
                -0.6463879507929823
            ],
            [
                0.0,
                0.0,
                0.0,
                1.0
            ]
        ],
        [
            [
                -0.07972567277737985,
                0.9899726660470973,
                -0.11682009274090364,
                0.1730435781421862
            ],
            [
                -0.5233435563694293,
                -0.1413184338482949,
                -0.840403109145604,
                1.3077310971677665
            ],
            [
                -0.8484842733756167,
                -0.005867702424513351,
                0.5293322478531751,
                -0.5841881320861614
            ],
            [
                0.0,
                0.0,
                0.0,
                1.0
            ]
        ],
        [
            [
                -0.07372308944338582,
                0.9903466552053765,
                -0.11760724566944215,
                0.18709066540608382
            ],
            [
                -0.5226116931596911,
                -0.138811873892429,
                -0.8412837631041743,
                1.2910170322486139
            ],
            [
                -0.8494875470900546,
                -0.0005630094121774918,
                0.5277677787414986,
                -0.5712965537960933
            ],
            [
                0.0,
                0.0,
                0.0,
                1.0
            ]
        ]
    ],
    "trj_gt": [
        [
            [
                -0.020497592873569892,
                0.99933104970588,
                -0.030286990278556303,
                0.20333125300000005
            ],
            [
                -0.49487111397866385,
                -0.03646325458514555,
                -0.8682010202796209,
                1.3619864499999998
            ],
            [
                -0.8687245991888947,
                -0.0028078744278995935,
                0.4952874787487479,
                -0.638354492
            ],
            [
                0.0,
                0.0,
                0.0,
                1.0
            ]
        ],
        [
            [
                -0.09241425840506957,
                0.9957187649615026,
                0.0019354449052386155,
                0.20263178999999998
            ],
            [
                -0.5302612741374938,
                -0.047569004764801644,
                -0.8464987719635321,
                1.382577881
            ],
            [
                -0.8427826445730373,
                -0.07925484773328673,
                0.5323871552895043,
                -0.620441284
            ],
            [
                0.0,
                0.0,
                0.0,
                1.0
            ]
        ],
        [
            [
                -0.11415499661783579,
                0.9932829873530643,
                0.01890882815392602,
                0.20190724200000004
            ],
            [
                -0.5563798821735849,
                -0.048151505269530506,
                -0.8295317108180899,
                1.4024963379999997
            ],
            [
                -0.8230492472869959,
                -0.10521568122314813,
                0.5581394063897109,
                -0.599431885
            ],
            [
                0.0,
                0.0,
                0.0,
                1.0
            ]
        ],
        [
            [
                -0.07496865817974274,
                0.997141017440499,
                0.009460001504008494,
                0.22182093800000005
            ],
            [
                -0.5684493920395565,
                -0.03493988679179139,
                -0.8219759686273289,
                1.306196533
            ],
            [
                -0.8192954222870941,
                -0.06699996752763199,
                0.5694436015714888,
                -0.5745853879999998
            ],
            [
                0.0,
                0.0,
                0.0,
                1.0
            ]
        ],
        [
            [
                -0.06754106760244115,
                0.9976865609518479,
                0.007728536937661232,
                0.22439327999999997
            ],
            [
                -0.5715590989281565,
                -0.03234172487923725,
                -0.819923294744252,
                1.2806832280000002
            ],
            [
                -0.8177764979623445,
                -0.05979581028726037,
                0.5724212264168177,
                -0.577199768
            ],
            [
                0.0,
                0.0,
                0.0,
                1.0
            ]
        ]
    ]
}