{
    "trj_id": [
        0,
        100,
        119,
        228,
        247,
        262,
        276,
        291,
        330,
        357,
        378,
        398,
        415,
        441,
        470,
        492,
        516,
        542,
        562,
        588,
        610,
        630,
        647,
        661,
        674,
        691,
        720,
        733,
        747,
        761,
        775,
        788,
        800,
        814,
        823,
        831,
        835,
        841,
        848,
        852,
        856,
        862,
        870,
        878,
        893,
        921,
        946,
        954,
        963,
        983,
        1010,
        1032,
        1051,
        1071,
        1088,
        1103,
        1117,
        1132,
        1146,
        1159,
        1176,
        1192,
        1209,
        1222,
        1240,
        1259,
        1282,
        1300,
        1314,
        1330,
        1346,
        1362,
        1377,
        1390,
        1402,
        1417,
        1432,
        1451,
        1464,
        1476
    ],
    "trj_est": [
        [
            [
                -0.020497592873569892,
                0.99933104970588,
                -0.030286990278556303,
                0.20333125300000005
            ],
            [
                -0.49487111397866385,
                -0.03646325458514555,
                -0.8682010202796209,
                1.3619864499999998
            ],
            [
                -0.8687245991888947,
                -0.0028078744278995935,
                0.4952874787487479,
                -0.638354492
            ],
            [
                0.0,
                0.0,
                0.0,
                1.0
            ]
        ],
        [
            [
                -0.08187693286060502,
                0.9946267638944561,
                -0.06336736041689592,
                0.18294346818864984
            ],
            [
                -0.5129097088377832,
                -0.09656732200659311,
                -0.8530154980874213,
                1.3697791961755557
            ],
            [
                -0.8545625599026472,
                -0.03734188385960948,
                0.5180556436909177,
                -0.6416793983341179
            ],
            [
                0.0,
                0.0,
                0.0,
                1.0
            ]
        ],
        [
            [
                -0.11714969807212777,
                0.9883006465118679,
                -0.09771337366093509,
                0.15553001430830088
            ],
            [
                -0.5247433366946934,
                -0.145135225492351,
                -0.8388262888189482,
                1.377168319539101
            ],
            [
                -0.843203979769498,
                -0.046995377690527924,
                0.5355973242651555,
                -0.6464569413792893
            ],
            [
                0.0,
                0.0,
                0.0,
                1.0
            ]
        ],
        [
            [
                -0.0796545033379046,
                0.9899631877063367,
                -0.11694075294075444,
                0.17298439026593868
            ],
            [
                -0.52345124940012,
                -0.14138386096925115,
                -0.8403250167788318,
                1.3076294908003323
            ],
            [
                -0.8484246095124496,
                -0.005726072607823669,
                0.5294295115436215,
                -0.5839602979451401
            ],
            [
                0.0,
                0.0,
                0.0,
                1.0
            ]
        ],
        [
            [
                -0.0734979638615238,
                0.9903606816075146,
                -0.11762858064903135,
                0.18714650380677622
            ],
            [
                -0.5226751111097175,
                -0.1387113570970992,
                -0.8412620096763799,
                1.2906620539368334
            ],
            [
                -0.8494701646087696,
                -0.0003535285319945038,
                0.5277972113752714,
                -0.5709269389662308
            ],
            [
                0.0,
                0.0,
                0.0,
                1.0
            ]
        ],
        [
            [
                -0.0667874057712554,
                0.9907340809133733,
                -0.11850016033259447,
                0.19786388445976497
            ],
            [
                -0.5220746307411006,
                -0.13591844809185524,
                -0.8420967942362997,
                1.2764010380687631
            ],
            [
                -0.8503998789725971,
                0.005620624526664161,
                0.5262812736392098,
                -0.5615827333576329
            ],
            [
                0.0,
                0.0,
                0.0,
                1.0
            ]
        ],
        [
            [
                -0.057944975867163774,
                0.9912034571112449,
                -0.1192669126911942,
                0.20711088256841143
            ],
            [
                -0.5210107260042557,
                -0.13194223227169014,
                -0.8433954789744313,
                1.2604540295834326
            ],
            [
                -0.8517083508935475,
                0.013264732499602125,
                0.5240341713131016,
                -0.5542778306993362
            ],
            [
                0.0,
                0.0,
                0.0,
                1.0
            ]
        ],
        [
            [
                -0.048016096143688396,
                0.9916752535732548,
                -0.11977429027385772,
                0.2128384302635927
            ],
            [
                -0.5206238596863629,
                -0.12719444214301653,
                -0.8443682905028942,
                1.2365986447584556
            ],
            [
                -0.8525694504606417,
                0.021809621567150234,
                0.5223568044496548,
                -0.5519977625410086
            ],
            [
                0.0,
                0.0,
                0.0,
                1.0
            ]
        ],
        [
            [
                -0.024037363627659788,
                0.9926706435991991,
                -0.11879140243535806,
                0.20574506051116043
            ],
            [
                -0.5241626289848629,
                -0.11371115690267115,
                -0.8441255941028702,
                1.2041693822500483
            ],
            [
                -0.8514388932538043,
                0.041969036336884064,
                0.5230083153508449,
                -0.5721583464155882
            ],
            [
                0.0,
                0.0,
                0.0,
                1.0
            ]
        ],
        [
            [
                7.557884760325148e-05,
                0.9944380343137069,
                -0.10574670164732004,
                0.19601014584573753
            ],
            [
                -0.5428650142372293,
                -0.08878197028208944,
                -0.8352636802178924,
                1.1885017163380747
            ],
            [
                -0.8399961152219081,
                0.057461595667577595,
                0.5397906871452797,
                -0.5945175831545646
            ],
            [
                0.0,
                0.0,
                0.0,
                1.0
            ]
        ],
        [
            [
                0.016573519205885255,
                0.9971110228643042,
                -0.07474508259278129,
                0.1876363042626057
            ],
            [
                -0.5847824874403702,
                -0.05098371418029394,
                -0.8097465736106713,
                1.178852400649505
            ],
            [
                -0.811214796763296,
                0.05712239789527274,
                0.5821959701761102,
                -0.6147360885897493
            ],
            [
                0.0,
                0.0,
                0.0,
                1.0
            ]
        ],
        [
            [
                0.028198759492206113,
                0.9992648887463628,
                -0.027684609140249516,
                0.17875346457822283
            ],
            [
                -0.6434462341595729,
                -0.0030587311946791702,
                -0.7656621885292788,
                1.1705080875063545
            ],
            [
                -0.765186494113457,
                0.03939932190911057,
                0.6428308521366871,
                -0.6364749346964471
            ],
            [
                0.0,
                0.0,
                0.0,
                1.0
            ]
        ],
        [
            [
                0.039095906733193436,
                0.9992130334428357,
                0.01181930249697204,
                0.1690528939608656
            ],
            [
                -0.684629944229647,
                0.035397495440063334,
                -0.7282225136846646,
                1.161413395926656
            ],
            [
                -0.7280706675813557,
                0.020375908651467486,
                0.6854177419620927,
                -0.6580696180237163
            ],
            [
                0.0,
                0.0,
                0.0,
                1.0
            ]
        ],
        [
            [
                0.053902862808222166,
                0.9978355635098177,
                0.03889461050802029,
                0.15281539187361246
            ],
            [
                -0.701636430608015,
                0.06556254635205282,
                -0.7097161947447489,
                1.1454297276391523
            ],
            [
                -0.7107340701562612,
                0.010964644807533017,
                0.7035951711583364,
                -0.6860042572825992
            ],
            [
                0.0,
                0.0,
                0.0,
                1.0
            ]
        ],
        [
            [
                0.07309688870662355,
                0.995870986109727,
                0.05471913855464406,
                0.12581099843871718
            ],
            [
                -0.6894444767735454,
                0.09010228337833431,
                -0.7189196189227379,
                1.1404420536720055
            ],
            [
                -0.7208846436640379,
                0.01482366763917874,
                0.6931278949249039,
                -0.6585408668737447
            ],
            [
                0.0,
                0.0,
                0.0,
                1.0
            ]
        ],
        [
            [
                0.08729114181397128,
                0.9946952671257113,
                0.055300803234688105,
                0.11988987293006968
            ],
            [
                -0.6608141759689795,
                0.09935813032896709,
                -0.7441478849509432,
                1.148328351116474
            ],
            [
                -0.7456956611946997,
                0.02841191061825045,
                0.6659202009375006,
                -0.621601894483885
            ],
            [
                0.0,
                0.0,
                0.0,
                1.0
            ]
        ],
        [
            [
                0.10160867766205474,
                0.9936008797176931,
                0.05035262445140495,
                0.1156298164457426
            ],
            [
                -0.6182654214820785,
                0.10272061569378199,
                -0.7794351796864925,
                1.1563479980428832
            ],
            [
                -0.7796149756873448,
                0.048062771362503816,
                0.6246817829268269,
                -0.5856096714591488
            ],
            [
                0.0,
                0.0,
                0.0,
                1.0
            ]
        ],
        [
            [
                0.11301043648075544,
                0.9926741823809199,
                0.04398844978782989,
                0.11231625276575326
            ],
            [
                -0.5713529900722061,
                0.10114082287811205,
                -0.8146560755318416,
                1.164785644761757
            ],
            [
                -0.8131294963298468,
                0.06692836102205021,
                0.5785311664067729,
                -0.5523086179494168
            ],
            [
                0.0,
                0.0,
                0.0,
                1.0
            ]
        ],
        [
            [
                0.11963125029463625,
                0.992103277082798,
                0.039118385543534945,
                0.10993873253934404
            ],
            [
                -0.5265252810187547,
                0.09679776746202373,
                -0.844839741763412,
                1.1741408602549976
            ],
            [
                -0.841943873868379,
                0.08046857527711485,
                0.5338771687236489,
                -0.5203551267246688
            ],
            [
                0.0,
                0.0,
                0.0,
                1.0
            ]
        ],
        [
            [
                0.12086870785852538,
                0.9920356098034913,
                0.0370477131397977,
                0.10838875702414565
            ],
            [
                -0.48520695458263513,
                0.09159564815187149,
                -0.8697997506602639,
                1.1863521923158775
            ],
            [
                -0.8662504518383184,
                0.0871501000421056,
                0.4923440189304514,
                -0.4870037726911405
            ],
            [
                0.0,
                0.0,
                0.0,
                1.0
            ]
        ],
        [
            [
                0.11469096601577278,
                0.9927287336701244,
                0.038224243723951404,
                0.1080902406283014
            ],
            [
                -0.45465376898838383,
                0.08666117544413617,
                -0.8866559241398952,
                1.201630578235567
            ],
            [
                -0.883500334801356,
                0.08430590106617233,
                0.4612156833200631,
                -0.45550096013163655
            ],
            [
                0.0,
                0.0,
                0.0,
                1.0
            ]
        ],
        [
            [
                0.10305529557303467,
                0.9938691698490453,
                0.04164020568310585,
                0.10960273186801726
            ],
            [
                -0.4334248475046633,
                0.08254442530460189,
                -0.8976186310774863,
                1.2222799284250894
            ],
            [
                -0.8955274469612368,
                0.07444795365332627,
                0.439203586895038,
                -0.4280732275811129
            ],
            [
                0.0,
                0.0,
                0.0,
                1.0
            ]
        ],
        [
            [
                0.08449174026960853,
                0.9954060348410163,
                0.046519309384522346,
                0.11605468883379141
            ],
            [
                -0.41855142047724647,
                0.07781996606185941,
                -0.9050720127883296,
                1.2564160371235407
            ],
            [
                -0.9045071063017889,
                0.056992412427021376,
                0.42313211888677377,
                -0.4163248363286819
            ],
            [
                0.0,
                0.0,
                0.0,
                1.0
            ]
        ],
        [
            [
                0.06077676485720735,
                0.9968426045051045,
                0.05238671779326606,
                0.12702327543395786
            ],
            [
                -0.4083881235915529,
                0.07272348269797894,
                -0.910126243298622,
                1.2918925760943831
            ],
            [
                -0.9110355667858113,
                0.03391348245470431,
                0.41144909689420467,
                -0.430573654579601
            ],
            [
                0.0,
                0.0,
                0.0,
                1.0
            ]
        ],
        [
            [
                0.032936497731773734,
                0.9978804821143817,
                0.05731260932992895,
                0.13941701130888676
            ],
            [
                -0.4015420657715541,
                0.06572619106093072,
                -0.9136984787279316,
                1.3244312376379421
            ],
            [
                -0.915502377400903,
                0.0070748522539775885,
                0.40278642756089383,
                -0.4547605847144077
            ],
            [
                0.0,
                0.0,
                0.0,
                1.0
            ]
        ],
        [
            [
                0.004559820161907576,
                0.9980143662459858,
                0.06391089397983882,
                0.15292558392300162
            ],
            [
                -0.3921067456141802,
                0.060582049833214795,
                -0.9181447183993834,
                1.3581901832288337
            ],
            [
                -0.9201662238790597,
                -0.020877069167385583,
                0.39153544868209006,
                -0.4825123477157136
            ],
            [
                0.0,
                0.0,
                0.0,
                1.0
            ]
        ],
        [
            [
                -0.025030800722751427,
                0.9958787547684685,
                0.08796461815160658,
                0.1366973340274793
            ],
            [
                -0.35198247134774596,
                0.0735874634501418,
                -0.9333326302993976,
                1.3374297705460256
            ],
            [
                -0.9359317836119443,
                -0.05432401634993935,
                0.3486217289356801,
                -0.45236478268466257
            ],
            [
                0.0,
                0.0,
                0.0,
                1.0
            ]
        ],
        [
            [
                -0.024121209572373802,
                0.9946903584804097,
                0.10074996094053888,
                0.12349851197325877
            ],
            [
                -0.3313395755022312,
                0.0871398458495052,
                -0.9397040915801155,
                1.3084823425962664
            ],
            [
                -0.9434634295813333,
                -0.05604764503031283,
                0.32741020635758133,
                -0.42780529223560404
            ],
            [
                0.0,
                0.0,
                0.0,
                1.0
            ]
        ],
        [
            [
                -0.01824093253151856,
                0.9932919239455693,
                0.11481558265298852,
                0.1112729776333761
            ],
            [
                -0.3097314956254763,
                0.1035853975931977,
                -0.9453899916804798,
                1.2800512484691875
            ],
            [
                -0.9509113092233396,
                -0.05280359208526254,
                0.30569695331569374,
                -0.4039949959363851
            ],
            [
                0.0,
                0.0,
                0.0,
                1.0
            ]
        ],
        [
            [
                -0.01131969960603717,
                0.9917702220762558,
                0.12810458589392856,
                0.10130974292139065
            ],
            [
                -0.28835485825774754,
                0.11944764803283894,
                -0.9502716459551981,
                1.253520605526913
            ],
            [
                -0.9577203842752448,
                -0.04769235589606625,
                0.28456253150322564,
                -0.382847541689548
            ],
            [
                0.0,
                0.0,
                0.0,
                1.0
            ]
        ],
        [
            [
                -0.004939715746690352,
                0.9897534296185019,
                0.14322817843594016,
                0.09368500564170959
            ],
            [
                -0.2649512072738652,
                0.13683211327598466,
                -0.9547327407692806,
                1.2282102307090006
            ],
            [
                -0.9645136987236049,
                -0.042658570586769605,
                0.2614947275328693,
                -0.3636521066217537
            ],
            [
                0.0,
                0.0,
                0.0,
                1.0
            ]
        ],
        [
            [
                -0.00391426547477359,
                0.9869732107195786,
                0.16131546519268414,
                0.08863369537347325
            ],
            [
                -0.23648159432246094,
                0.15584715335824123,
                -0.9592860700192989,
                1.2033919676222882
            ],
            [
                -0.9718920413341398,
                -0.04189568466799622,
                0.23272616139910077,
                -0.345608551389636
            ],
            [
                0.0,
                0.0,
                0.0,
                1.0
            ]
        ],
        [
            [
                -0.017886170937837693,
                0.9837065194551393,
                0.17933253134483304,
                0.08654480311652588
            ],
            [
                -0.20695255931836853,
                0.17185716408595056,
                -0.963369676414654,
                1.1796540965163793
            ],
            [
                -0.9784523384246266,
                -0.054335221310888145,
                0.20044224420638196,
                -0.32959748935238076
            ],
            [
                0.0,
                0.0,
                0.0,
                1.0
            ]
        ],
        [
            [
                -0.0705113673841602,
                0.976462582561961,
                0.2042397253120843,
                0.08768509641891159
            ],
            [
                -0.17223058098194396,
                0.18978454966414407,
                -0.9668330731819436,
                1.155209148702422
            ],
            [
                -0.9827929923251478,
                -0.10333584652536114,
                0.15473161686342668,
                -0.3167220822224274
            ],
            [
                0.0,
                0.0,
                0.0,
                1.0
            ]
        ],
        [
            [
                -0.15699065913273638,
                0.961617548930996,
                0.2254231278255857,
                0.0906664748209706
            ],
            [
                -0.1548651103962667,
                0.20149323087956564,
                -0.9674015581918595,
                1.1389979730016857
            ],
            [
                -0.9756445934436514,
                -0.18676414426134494,
                0.11722652719899754,
                -0.3095951648511464
            ],
            [
                0.0,
                0.0,
                0.0,
                1.0
            ]
        ],
        [
            [
                -0.23987146494918632,
                0.9432430277477417,
                0.2300558409515233,
                0.09322437888457896
            ],
            [
                -0.13858963249841538,
                0.20131161976274245,
                -0.9699063634308122,
                1.1227463886626143
            ],
            [
                -0.96112064189505,
                -0.26451271807010857,
                0.08237419597806508,
                -0.3017379824442467
            ],
            [
                0.0,
                0.0,
                0.0,
                1.0
            ]
        ],
        [
            [
                -0.27992746798407286,
                0.935694854686918,
                0.21514801977715117,
                0.09438527189364455
            ],
            [
                -0.12049824759624117,
                0.18812425448059372,
                -0.9749575128881219,
                1.1097388688342738
            ],
            [
                -0.9526881182696156,
                -0.2988164967324089,
                0.060029288281876696,
                -0.29421656976438676
            ],
            [
                0.0,
                0.0,
                0.0,
                1.0
            ]
        ],
        [
            [
                -0.29789077254848206,
                0.9352319503097444,
                0.1917736407173241,
                0.09603968308006514
            ],
            [
                -0.10211427891195872,
                0.16855241787639721,
                -0.9806210828388191,
                1.0985302218219781
            ],
            [
                -0.9493811829441431,
                -0.3116749780712486,
                0.045232127489873444,
                -0.283851293554716
            ],
            [
                0.0,
                0.0,
                0.0,
                1.0
            ]
        ],
        [
            [
                -0.31610671239639987,
                0.9324224240467208,
                0.17561323486187666,
                0.09502657319209493
            ],
            [
                -0.08974609362386926,
                0.15491318089360073,
                -0.9840745001599653,
                1.115394411863757
            ],
            [
                -0.9447286653029844,
                -0.3268076254455874,
                0.03465538901432392,
                -0.28284551910910166
            ],
            [
                0.0,
                0.0,
                0.0,
                1.0
            ]
        ],
        [
            [
                -0.3218542166295515,
                0.9347824129703689,
                0.15089813731560617,
                0.09555209048153233
            ],
            [
                -0.07630055717261351,
                0.13327503237798058,
                -0.9883689816841701,
                1.132832369093803
            ],
            [
                -0.9439693225036377,
                -0.3295989243945812,
                0.028372498697917966,
                -0.2869518691009836
            ],
            [
                0.0,
                0.0,
                0.0,
                1.0
            ]
        ],
        [
            [
                -0.32548695133473743,
                0.9372552938128599,
                0.12566020141301942,
                0.09640125862940759
            ],
            [
                -0.06284829821015345,
                0.11117738998342838,
                -0.9920415521691363,
                1.150373492299143
            ],
            [
                -0.9437140693663951,
                -0.33076980417896334,
                0.022661744908868266,
                -0.29071315998757846
            ],
            [
                0.0,
                0.0,
                0.0,
                1.0
            ]
        ],
        [
            [
                -0.32790162062023986,
                0.9413309906725232,
                0.08099228805791202,
                0.10118090200458829
            ],
            [
                -0.03726363645664156,
                0.07278957900714571,
                -0.9968804467116802,
                1.1733827240705517
            ],
            [
                -0.9442344459577572,
                -0.32987400380614756,
                0.011153922171157848,
                -0.2896347112798732
            ],
            [
                0.0,
                0.0,
                0.0,
                1.0
            ]
        ],
        [
            [
                -0.3287813677307925,
                0.9438286234873323,
                0.0357715803790648,
                0.10752783056480444
            ],
            [
                -0.006743084578176112,
                0.03553427189724722,
                -0.9995740029461975,
                1.181335631745053
            ],
            [
                -0.9446412537332167,
                -0.3288624970882022,
                -0.005373675824830312,
                -0.27461751713893545
            ],
            [
                0.0,
                0.0,
                0.0,
                1.0
            ]
        ],
        [
            [
                -0.3011248335461341,
                0.9530424772252,
                -0.03499158285774177,
                0.1106199294852072
            ],
            [
                0.04590025110899913,
                -0.022174536030968747,
                -0.9989273084740258,
                1.1782563154032286
            ],
            [
                -0.9527379997272379,
                -0.3023928029465083,
                -0.03712057931519539,
                -0.2558752882604373
            ],
            [
                0.0,
                0.0,
                0.0,
                1.0
            ]
        ],
        [
            [
                -0.16468077944250942,
                0.9799786421620237,
                -0.11276393204177682,
                0.11109322796709023
            ],
            [
                0.1224947299577676,
                -0.09314019278833383,
                -0.9883176633275754,
                1.1720102284960303
            ],
            [
                -0.9789727641302348,
                -0.17656666373048197,
                -0.10475228170596014,
                -0.2381522482048506
            ],
            [
                0.0,
                0.0,
                0.0,
                1.0
            ]
        ],
        [
            [
                0.1775886319198796,
                0.974954240175964,
                -0.1346231317459918,
                0.10906859155912893
            ],
            [
                0.20179359546491293,
                -0.16998024623068833,
                -0.9647996160408235,
                1.162339071810841
            ],
            [
                -0.9634567138440788,
                0.14415297632579008,
                -0.22696627607605324,
                -0.21943249778396628
            ],
            [
                0.0,
                0.0,
                0.0,
                1.0
            ]
        ],
        [
            [
                0.4689440081590232,
                0.8770846457257909,
                -0.10501223780175406,
                0.1110705549784178
            ],
            [
                0.21488446217940368,
                -0.2286066500123639,
                -0.9497477005192949,
                1.1526548566235981
            ],
            [
                -0.8569555876649279,
                0.422776664950897,
                -0.2957107143196347,
                -0.2007788003204579
            ],
            [
                0.0,
                0.0,
                0.0,
                1.0
            ]
        ],
        [
            [
                0.5507193847506844,
                0.827610859796838,
                -0.10949880475526258,
                0.11726227249893435
            ],
            [
                0.18932316516876588,
                -0.2515954391583358,
                -0.9493764341410676,
                1.1450731068641018
            ],
            [
                -0.8132065257360975,
                0.5020655337846078,
                -0.2952776617986784,
                -0.18381548133134729
            ],
            [
                0.0,
                0.0,
                0.0,
                1.0
            ]
        ],
        [
            [
                0.5696115866617733,
                0.8116873727103304,
                -0.13012401623322226,
                0.1295009009568106
            ],
            [
                0.1526660769778319,
                -0.2600292590191873,
                -0.9536984966786023,
                1.1397922171888948
            ],
            [
                -0.8078840373862369,
                0.5233260636993753,
                -0.27206744760716983,
                -0.1703486887432221
            ],
            [
                0.0,
                0.0,
                0.0,
                1.0
            ]
        ],
        [
            [
                0.5683291530050804,
                0.8091249489749341,
                -0.15018941256248722,
                0.14562860268519123
            ],
            [
                0.1186132382479171,
                -0.2611821766485153,
                -0.9582210215689667,
                1.136156816397502
            ],
            [
                -0.8144873305221758,
                0.5267239930325777,
                -0.244444302353948,
                -0.16827168022672787
            ],
            [
                0.0,
                0.0,
                0.0,
                1.0
            ]
        ],
        [
            [
                0.5549436970925272,
                0.8145883776577137,
                -0.16951905760790187,
                0.1597282862402074
            ],
            [
                0.07923239717867982,
                -0.25460625279631083,
                -0.964042883975855,
                1.1351150302392312
            ],
            [
                -0.8283986494469134,
                0.5215137685962498,
                -0.2058646208341405,
                -0.1766019961749323
            ],
            [
                0.0,
                0.0,
                0.0,
                1.0
            ]
        ],
        [
            [
                0.5297077648930181,
                0.8274972267274492,
                -0.18687479739637147,
                0.17121634551518258
            ],
            [
                0.035048088809181095,
                -0.24150458293399496,
                -0.9700201129915089,
                1.1355443803797864
            ],
            [
                -0.8477612917319162,
                0.50723395563724,
                -0.15696104319414578,
                -0.18768549953859365
            ],
            [
                0.0,
                0.0,
                0.0,
                1.0
            ]
        ],
        [
            [
                0.49614359109466466,
                0.8447428972217941,
                -0.20131049072694152,
                0.18135397343469428
            ],
            [
                -0.01177475216393865,
                -0.22531767667344574,
                -0.9744686541427162,
                1.1369176999365187
            ],
            [
                -0.8684741574472018,
                0.48580102946327197,
                -0.10187796019244683,
                -0.19898237379438785
            ],
            [
                0.0,
                0.0,
                0.0,
                1.0
            ]
        ],
        [
            [
                0.4566994557008882,
                0.8640193107654429,
                -0.2125530239048686,
                0.1910455335660374
            ],
            [
                -0.05981659788652457,
                -0.20859552770460715,
                -0.976427947747863,
                1.1384424355032714
            ],
            [
                -0.8879293673704671,
                0.45860083371610594,
                -0.04362163049982643,
                -0.21063496285844363
            ],
            [
                0.0,
                0.0,
                0.0,
                1.0
            ]
        ],
        [
            [
                0.4172810639665165,
                0.881627330177563,
                -0.22112396041242882,
                0.19980737606949064
            ],
            [
                -0.10563340711140469,
                -0.1946592272931964,
                -0.9754243478451701,
                1.140106683311317
            ],
            [
                -0.9029469198914823,
                0.4303389145195376,
                0.011858966516541884,
                -0.22199077835597156
            ],
            [
                0.0,
                0.0,
                0.0,
                1.0
            ]
        ],
        [
            [
                0.3788681261220536,
                0.8971903151556062,
                -0.22759950124608555,
                0.20790184890572558
            ],
            [
                -0.1482272430246104,
                -0.18397779660303584,
                -0.9719524504318439,
                1.1416249421899967
            ],
            [
                -0.913839731258647,
                0.40193273357163745,
                0.06323815063573113,
                -0.23316241007394026
            ],
            [
                0.0,
                0.0,
                0.0,
                1.0
            ]
        ],
        [
            [
                0.3414024649625522,
                0.9108259869146109,
                -0.23268255792164366,
                0.21578256092109532
            ],
            [
                -0.18902151231132908,
                -0.1760194950906545,
                -0.9663335858510378,
                1.142874086233963
            ],
            [
                -0.9210569836792919,
                0.37384655742530326,
                0.112021293955315,
                -0.24492030177505147
            ],
            [
                0.0,
                0.0,
                0.0,
                1.0
            ]
        ],
        [
            [
                0.30490042019706703,
                0.9222735713429081,
                -0.23822990443881575,
                0.2234705244910635
            ],
            [
                -0.22727001874436828,
                -0.172511682595719,
                -0.9586992329859949,
                1.1438401873937378
            ],
            [
                -0.9252193389879456,
                0.34640670433509596,
                0.15695231946762286,
                -0.25711355137497244
            ],
            [
                0.0,
                0.0,
                0.0,
                1.0
            ]
        ],
        [
            [
                0.27149590601970885,
                0.9313161777685045,
                -0.24341706661436488,
                0.2307553272890223
            ],
            [
                -0.2618507799510547,
                -0.17195914301957171,
                -0.9499392367033319,
                1.1443104939976017
            ],
            [
                -0.9264916233626841,
                0.32159924443997917,
                0.1971222055086811,
                -0.26932312043969353
            ],
            [
                0.0,
                0.0,
                0.0,
                1.0
            ]
        ],
        [
