{
    "trj_id": [
        0,
        100,
        119,
        228,
        247,
        262,
        276,
        291,
        330,
        357,
        378,
        398,
        415,
        441,
        470
    ],
    "trj_est": [
        [
            [
                -0.020497592873569892,
                0.99933104970588,
                -0.030286990278556303,
                0.20333125300000005
            ],
            [
                -0.49487111397866385,
                -0.03646325458514555,
                -0.8682010202796209,
                1.3619864499999998
            ],
            [
                -0.8687245991888947,
                -0.0028078744278995935,
                0.4952874787487479,
                -0.638354492
            ],
            [
                0.0,
                0.0,
                0.0,
                1.0
            ]
        ],
        [
            [
                -0.08187693286060502,
                0.9946267638944561,
                -0.06336736041689592,
                0.18294346818864984
            ],
            [
                -0.5129097088377832,
                -0.09656732200659311,
                -0.8530154980874213,
                1.3697791961755557
            ],
            [
                -0.8545625599026472,
                -0.03734188385960948,
                0.5180556436909177,
                -0.6416793983341179
            ],
            [
                0.0,
                0.0,
                0.0,
                1.0
            ]
        ],
        [
            [
                -0.11714969807212777,
                0.9883006465118679,
                -0.09771337366093509,
                0.15553001430830088
            ],
            [
                -0.5247433366946934,
                -0.145135225492351,
                -0.8388262888189482,
                1.377168319539101
            ],
            [
                -0.843203979769498,
                -0.046995377690527924,
                0.5355973242651555,
                -0.6464569413792893
            ],
            [
                0.0,
                0.0,
                0.0,
                1.0
            ]
        ],
        [
            [
                -0.0796545033379046,
                0.9899631877063367,
                -0.11694075294075444,
                0.17298439026593868
            ],
            [
                -0.52345124940012,
                -0.14138386096925115,
                -0.8403250167788318,
                1.3076294908003323
            ],
            [
                -0.8484246095124496,
                -0.005726072607823669,
                0.5294295115436215,
                -0.5839602979451401
            ],
            [
                0.0,
                0.0,
                0.0,
                1.0
            ]
        ],
        [
            [
                -0.0734979638615238,
                0.9903606816075146,
                -0.11762858064903135,
                0.18714650380677622
            ],
            [
                -0.5226751111097175,
                -0.1387113570970992,
                -0.8412620096763799,
                1.2906620539368334
            ],
            [
                -0.8494701646087696,
                -0.0003535285319945038,
                0.5277972113752714,
                -0.5709269389662308
            ],
            [
                0.0,
                0.0,
                0.0,
                1.0
            ]
        ],
        [
            [
                -0.0667874057712554,
                0.9907340809133733,
                -0.11850016033259447,
                0.19786388445976497
            ],
            [
                -0.5220746307411006,
                -0.13591844809185524,
                -0.8420967942362997,
                1.2764010380687631
            ],
            [
                -0.8503998789725971,
                0.005620624526664161,
                0.5262812736392098,
                -0.5615827333576329
            ],
            [
                0.0,
                0.0,
                0.0,
                1.0
            ]
        ],
        [
            [
                -0.057944975867163774,
                0.9912034571112449,
                -0.1192669126911942,
                0.20711088256841143
            ],
            [
                -0.5210107260042557,
                -0.13194223227169014,
                -0.8433954789744313,
                1.2604540295834326
            ],
            [
                -0.8517083508935475,
                0.013264732499602125,
                0.5240341713131016,
                -0.5542778306993362
            ],
            [
                0.0,
                0.0,
                0.0,
                1.0
            ]
        ],
        [
            [
                -0.048016096143688396,
                0.9916752535732548,
                -0.11977429027385772,
                0.2128384302635927
            ],
            [
                -0.5206238596863629,
                -0.12719444214301653,
                -0.8443682905028942,
                1.2365986447584556
            ],
            [
                -0.8525694504606417,
                0.021809621567150234,
                0.5223568044496548,
                -0.5519977625410086
            ],
            [
                0.0,
                0.0,
                0.0,
                1.0
            ]
        ],
        [
            [
                -0.024037363627659788,
                0.9926706435991991,
                -0.11879140243535806,
                0.20574506051116043
            ],
            [
                -0.5241626289848629,
                -0.11371115690267115,
                -0.8441255941028702,
                1.2041693822500483
            ],
            [
                -0.8514388932538043,
                0.041969036336884064,
                0.5230083153508449,
                -0.5721583464155882
            ],
            [
                0.0,
                0.0,
                0.0,
                1.0
            ]
        ],
        [
            [
                7.557884760325148e-05,
                0.9944380343137069,
                -0.10574670164732004,
                0.19601014584573753
            ],
            [
                -0.5428650142372293,
                -0.08878197028208944,
                -0.8352636802178924,
                1.1885017163380747
            ],
            [
                -0.8399961152219081,
                0.057461595667577595,
                0.5397906871452797,
                -0.5945175831545646
            ],
            [
                0.0,
                0.0,
                0.0,
                1.0
            ]
        ],
        [
            [
                0.016573519205885255,
                0.9971110228643042,
                -0.07474508259278129,
                0.1876363042626057
            ],
            [
                -0.5847824874403702,
                -0.05098371418029394,
                -0.8097465736106713,
                1.178852400649505
            ],
            [
                -0.811214796763296,
                0.05712239789527274,
                0.5821959701761102,
                -0.6147360885897493
            ],
            [
                0.0,
                0.0,
                0.0,
                1.0
            ]
        ],
        [
            [
                0.028084740857947734,
                0.9992717988422924,
                -0.027552836975157875,
                0.17880019635822797
            ],
            [
                -0.6433360493318712,
                -0.0030368933349138446,
                -0.7657548156769955,
                1.170511657855702
            ],
            [
                -0.7652833461684826,
                0.03922680633754421,
                0.6427262165670937,
                -0.6365254729337168
            ],
            [
                0.0,
                0.0,
                0.0,
                1.0
            ]
        ],
        [
            [
                0.03889082526911233,
                0.9992221108210355,
                0.011739379381941008,
                0.16914981497615025
            ],
            [
                -0.6845574151290941,
                0.035196227741793755,
                -0.7283005134247343,
                1.1615160510822977
            ],
            [
                -0.7281501721801437,
                0.020285168180044635,
                0.6853361826716811,
                -0.6581952889517685
            ],
            [
                0.0,
                0.0,
                0.0,
                1.0
            ]
        ],
        [
            [
                0.05381699804508253,
                0.9978501788419302,
                0.03866610861405621,
                0.15283132150649922
            ],
            [
                -0.701691542218418,
                0.0653397665918071,
                -0.7096801961890257,
                1.1455944968308738
            ],
            [
                -0.7106851613762238,
                0.011059787483840624,
                0.7036434534626831,
                -0.6861230404778367
            ],
            [
                0.0,
                0.0,
                0.0,
                1.0
            ]
        ],
        [
            [
                0.07279492660776629,
                0.9959057707806003,
                0.054503539733603154,
                0.1258160283897188
            ],
            [
                -0.6893724252895912,
                0.08973504584940596,
                -0.7190343729326825,
                1.140622325098356
            ],
            [
                -0.7209844714517786,
                0.014767733845250555,
                0.6930258126776601,
                -0.6584906520560886
            ],
            [
                0.0,
                0.0,
                0.0,
                1.0
            ]
        ]
    ],
    "trj_gt": [
        [
            [
                -0.020497592873569892,
                0.99933104970588,
                -0.030286990278556303,
                0.20333125300000005
            ],
            [
                -0.49487111397866385,
                -0.03646325458514555,
                -0.8682010202796209,
                1.3619864499999998
            ],
            [
                -0.8687245991888947,
                -0.0028078744278995935,
                0.4952874787487479,
                -0.638354492
            ],
            [
                0.0,
                0.0,
                0.0,
                1.0
            ]
        ],
        [
            [
                -0.09241425840506957,
                0.9957187649615026,
                0.0019354449052386155,
                0.20263178999999998
            ],
            [
                -0.5302612741374938,
                -0.047569004764801644,
                -0.8464987719635321,
                1.382577881
            ],
            [
                -0.8427826445730373,
                -0.07925484773328673,
                0.5323871552895043,
                -0.620441284
            ],
            [
                0.0,
                0.0,
                0.0,
                1.0
            ]
        ],
        [
            [
                -0.11415499661783579,
                0.9932829873530643,
                0.01890882815392602,
                0.20190724200000004
            ],
            [
                -0.5563798821735849,
                -0.048151505269530506,
                -0.8295317108180899,
                1.4024963379999997
            ],
            [
                -0.8230492472869959,
                -0.10521568122314813,
                0.5581394063897109,
                -0.599431885
            ],
            [
                0.0,
                0.0,
                0.0,
                1.0
            ]
        ],
        [
            [
                -0.07496865817974274,
                0.997141017440499,
                0.009460001504008494,
                0.22182093800000005
            ],
            [
                -0.5684493920395565,
                -0.03493988679179139,
                -0.8219759686273289,
                1.306196533
            ],
            [
                -0.8192954222870941,
                -0.06699996752763199,
                0.5694436015714888,
                -0.5745853879999998
            ],
            [
                0.0,
                0.0,
                0.0,
                1.0
            ]
        ],
        [
            [
                -0.06754106760244115,
                0.9976865609518479,
                0.007728536937661232,
                0.22439327999999997
            ],
            [
                -0.5715590989281565,
                -0.03234172487923725,
                -0.819923294744252,
                1.2806832280000002
            ],
            [
                -0.8177764979623445,
                -0.05979581028726037,
                0.5724212264168177,
                -0.577199768
            ],
            [
                0.0,
                0.0,
                0.0,
                1.0
            ]
        ],
        [
            [
                -0.06277435036874089,
                0.9980128787608312,
                0.005447454754341658,
                0.22560472099999998
            ],
            [
                -0.5696577503239265,
                -0.03134828086498464,
                -0.8212839538081168,
                1.2601750489999997
            ],
            [
                -0.8194811946784779,
                -0.054658751488925295,
                0.5704936392756771,
                -0.5786030879999998
            ],
            [
                0.0,
                0.0,
                0.0,
                1.0
            ]
        ],
        [
            [
                -0.05581565840543033,
                0.9984317595605743,
                0.004316685944466381,
                0.22366946399999998
            ],
            [
                -0.5687226131497974,
                -0.028239405432848863,
                -0.8220444788895942,
                1.2399781490000001
            ],
            [
                -0.8206334148502809,
                -0.0483379507382557,
                0.5694069203562531,
                -0.578648376
            ],
            [
                0.0,
                0.0,
                0.0,
                1.0
            ]
        ],
        [
            [
                -0.045929958569886575,
                0.9989356997090991,
                0.004231637089958437,
                0.21251959199999998
            ],
            [
                -0.5691172436247842,
                -0.022685509495143693,
                -0.8219433865345436,
                1.219328125
            ],
            [
                -0.8209725951057666,
                -0.040160123326981434,
                0.5695534764880862,
                -0.573195618
            ],
            [
                0.0,
                0.0,
                0.0,
                1.0
            ]
        ],
        [
            [
                -0.01720825018798211,
                0.9998344495140337,
                0.005911826319960285,
                0.177725067
            ],
            [
                -0.5692576405440681,
                -0.004936370372165098,
                -0.8221443735316504,
                1.209681763
            ],
            [
                -0.8219790841667862,
                -0.01751301837258123,
                0.5692483459614205,
                -0.5599855959999999
            ],
            [
                0.0,
                0.0,
                0.0,
                1.0
            ]
        ],
        [
            [
                0.006430390480056673,
                0.9995871233801301,
                0.028004157743288686,
                0.149264526
            ],
            [
                -0.5562446353618262,
                0.02684778265656306,
                -0.8305847953084714,
                1.2119776609999997
            ],
            [
                -0.8309937158062408,
                -0.010236177951899125,
                0.5561876166829623,
                -0.55066394
            ],
            [
                0.0,
                0.0,
                0.0,
                1.0
            ]
        ],
        [
            [
                0.023989663783720482,
                0.9959569655983945,
                0.08656915563630461,
                0.12507368500000002
            ],
            [
                -0.5266904811382581,
                0.08619306612135771,
                -0.845675997312771,
                1.216257202
            ],
            [
                -0.8497185611188536,
                -0.025307667388322023,
                0.526628796080757,
                -0.5433134159999999
            ],
            [
                0.0,
                0.0,
                0.0,
                1.0
            ]
        ],
        [
            [
                0.030744531494220056,
                0.9865837636317758,
                0.16033480944997966,
                0.09984223199999993
            ],
            [
                -0.4842243600120363,
                0.15503138418817994,
                -0.8610993201063574,
                1.2215896000000004
            ],
            [
                -0.8744035355338717,
                -0.05116392532690672,
                0.4824942588166286,
                -0.535560059
            ],
            [
                0.0,
                0.0,
                0.0,
                1.0
            ]
        ],
        [
            [
                0.03202267738004495,
                0.9764470386358278,
                0.2133675909615517,
                0.07543715700000003
            ],
            [
                -0.44766296391854526,
                0.2048792428128814,
                -0.870415054212692,
                1.227469727
            ],
            [
                -0.893628792547038,
                -0.06764374770622061,
                0.4436799573196655,
                -0.52752887
            ],
            [
                0.0,
                0.0,
                0.0,
                1.0
            ]
        ],
        [
            [
                0.04060287269769702,
                0.9718456496697078,
                0.23209360169284837,
                0.043015568
            ],
            [
                -0.42343788200703314,
                0.2271313314181172,
                -0.8769901472477504,
                1.235018188
            ],
            [
                -0.9050147881720456,
                -0.06266890382236869,
                0.4207384480691185,
                -0.5132307130000001
            ],
            [
                0.0,
                0.0,
                0.0,
                1.0
            ]
        ],
        [
            [
                0.057082418997008715,
                0.9754194682959304,
                0.21283434476309143,
                0.07240283199999999
            ],
            [
                -0.40994176226871026,
                0.21728142294603547,
                -0.8858535628367534,
                1.230726074
            ],
            [
                -0.9103237605321935,
                -0.036683022119647433,
                0.412268125009314,
                -0.48103100600000004
            ],
            [
                0.0,
                0.0,
                0.0,
                1.0
            ]
        ]
    ]
}