{
    "trj_id": [
        0,
        100,
        119,
        228,
        247,
        262,
        276,
        291,
        330,
        357,
        378,
        398,
        415,
        441,
        470,
        492,
        516,
        542,
        562,
        588,
        610,
        630,
        647,
        661,
        674,
        691,
        720,
        733,
        747,
        761
    ],
    "trj_est": [
        [
            [
                -0.020497592873569892,
                0.99933104970588,
                -0.030286990278556303,
                0.20333125300000005
            ],
            [
                -0.49487111397866385,
                -0.03646325458514555,
                -0.8682010202796209,
                1.3619864499999998
            ],
            [
                -0.8687245991888947,
                -0.0028078744278995935,
                0.4952874787487479,
                -0.638354492
            ],
            [
                0.0,
                0.0,
                0.0,
                1.0
            ]
        ],
        [
            [
                -0.08187693286060502,
                0.9946267638944561,
                -0.06336736041689592,
                0.18294346818864984
            ],
            [
                -0.5129097088377832,
                -0.09656732200659311,
                -0.8530154980874213,
                1.3697791961755557
            ],
            [
                -0.8545625599026472,
                -0.03734188385960948,
                0.5180556436909177,
                -0.6416793983341179
            ],
            [
                0.0,
                0.0,
                0.0,
                1.0
            ]
        ],
        [
            [
                -0.11714969807212777,
                0.9883006465118679,
                -0.09771337366093509,
                0.15553001430830088
            ],
            [
                -0.5247433366946934,
                -0.145135225492351,
                -0.8388262888189482,
                1.377168319539101
            ],
            [
                -0.843203979769498,
                -0.046995377690527924,
                0.5355973242651555,
                -0.6464569413792893
            ],
            [
                0.0,
                0.0,
                0.0,
                1.0
            ]
        ],
        [
            [
                -0.0796545033379046,
                0.9899631877063367,
                -0.11694075294075444,
                0.17298439026593868
            ],
            [
                -0.52345124940012,
                -0.14138386096925115,
                -0.8403250167788318,
                1.3076294908003323
            ],
            [
                -0.8484246095124496,
                -0.005726072607823669,
                0.5294295115436215,
                -0.5839602979451401
            ],
            [
                0.0,
                0.0,
                0.0,
                1.0
            ]
        ],
        [
            [
                -0.0734979638615238,
                0.9903606816075146,
                -0.11762858064903135,
                0.18714650380677622
            ],
            [
                -0.5226751111097175,
                -0.1387113570970992,
                -0.8412620096763799,
                1.2906620539368334
            ],
            [
                -0.8494701646087696,
                -0.0003535285319945038,
                0.5277972113752714,
                -0.5709269389662308
            ],
            [
                0.0,
                0.0,
                0.0,
                1.0
            ]
        ],
        [
            [
                -0.0667874057712554,
                0.9907340809133733,
                -0.11850016033259447,
                0.19786388445976497
            ],
            [
                -0.5220746307411006,
                -0.13591844809185524,
                -0.8420967942362997,
                1.2764010380687631
            ],
            [
                -0.8503998789725971,
                0.005620624526664161,
                0.5262812736392098,
                -0.5615827333576329
            ],
            [
                0.0,
                0.0,
                0.0,
                1.0
            ]
        ],
        [
            [
                -0.057944975867163774,
                0.9912034571112449,
                -0.1192669126911942,
                0.20711088256841143
            ],
            [
                -0.5210107260042557,
                -0.13194223227169014,
                -0.8433954789744313,
                1.2604540295834326
            ],
            [
                -0.8517083508935475,
                0.013264732499602125,
                0.5240341713131016,
                -0.5542778306993362
            ],
            [
                0.0,
                0.0,
                0.0,
                1.0
            ]
        ],
        [
            [
                -0.048016096143688396,
                0.9916752535732548,
                -0.11977429027385772,
                0.2128384302635927
            ],
            [
                -0.5206238596863629,
                -0.12719444214301653,
                -0.8443682905028942,
                1.2365986447584556
            ],
            [
                -0.8525694504606417,
                0.021809621567150234,
                0.5223568044496548,
                -0.5519977625410086
            ],
            [
                0.0,
                0.0,
                0.0,
                1.0
            ]
        ],
        [
            [
                -0.024037363627659788,
                0.9926706435991991,
                -0.11879140243535806,
                0.20574506051116043
            ],
            [
                -0.5241626289848629,
                -0.11371115690267115,
                -0.8441255941028702,
                1.2041693822500483
            ],
            [
                -0.8514388932538043,
                0.041969036336884064,
                0.5230083153508449,
                -0.5721583464155882
            ],
            [
                0.0,
                0.0,
                0.0,
                1.0
            ]
        ],
        [
            [
                7.557884760325148e-05,
                0.9944380343137069,
                -0.10574670164732004,
                0.19601014584573753
            ],
            [
                -0.5428650142372293,
                -0.08878197028208944,
                -0.8352636802178924,
                1.1885017163380747
            ],
            [
                -0.8399961152219081,
                0.057461595667577595,
                0.5397906871452797,
                -0.5945175831545646
            ],
            [
                0.0,
                0.0,
                0.0,
                1.0
            ]
        ],
        [
            [
                0.016573519205885255,
                0.9971110228643042,
                -0.07474508259278129,
                0.1876363042626057
            ],
            [
                -0.5847824874403702,
                -0.05098371418029394,
                -0.8097465736106713,
                1.178852400649505
            ],
            [
                -0.811214796763296,
                0.05712239789527274,
                0.5821959701761102,
                -0.6147360885897493
            ],
            [
                0.0,
                0.0,
                0.0,
                1.0
            ]
        ],
        [
            [
                0.028198759492206113,
                0.9992648887463628,
                -0.027684609140249516,
                0.17875346457822283
            ],
            [
                -0.6434462341595729,
                -0.0030587311946791702,
                -0.7656621885292788,
                1.1705080875063545
            ],
            [
                -0.765186494113457,
                0.03939932190911057,
                0.6428308521366871,
                -0.6364749346964471
            ],
            [
                0.0,
                0.0,
                0.0,
                1.0
            ]
        ],
        [
            [
                0.039095906733193436,
                0.9992130334428357,
                0.01181930249697204,
                0.1690528939608656
            ],
            [
                -0.684629944229647,
                0.035397495440063334,
                -0.7282225136846646,
                1.161413395926656
            ],
            [
                -0.7280706675813557,
                0.020375908651467486,
                0.6854177419620927,
                -0.6580696180237163
            ],
            [
                0.0,
                0.0,
                0.0,
                1.0
            ]
        ],
        [
            [
                0.053902862808222166,
                0.9978355635098177,
                0.03889461050802029,
                0.15281539187361246
            ],
            [
                -0.701636430608015,
                0.06556254635205282,
                -0.7097161947447489,
                1.1454297276391523
            ],
            [
                -0.7107340701562612,
                0.010964644807533017,
                0.7035951711583364,
                -0.6860042572825992
            ],
            [
                0.0,
                0.0,
                0.0,
                1.0
            ]
        ],
        [
            [
                0.07309688870662355,
                0.995870986109727,
                0.05471913855464406,
                0.12581099843871718
            ],
            [
                -0.6894444767735454,
                0.09010228337833431,
                -0.7189196189227379,
                1.1404420536720055
            ],
            [
                -0.7208846436640379,
                0.01482366763917874,
                0.6931278949249039,
                -0.6585408668737447
            ],
            [
                0.0,
                0.0,
                0.0,
                1.0
            ]
        ],
        [
            [
                0.08729114181397128,
                0.9946952671257113,
                0.055300803234688105,
                0.11988987293006968
            ],
            [
                -0.6608141759689795,
                0.09935813032896709,
                -0.7441478849509432,
                1.148328351116474
            ],
            [
                -0.7456956611946997,
                0.02841191061825045,
                0.6659202009375006,
                -0.621601894483885
            ],
            [
                0.0,
                0.0,
                0.0,
                1.0
            ]
        ],
        [
            [
                0.10160867766205474,
                0.9936008797176931,
                0.05035262445140495,
                0.1156298164457426
            ],
            [
                -0.6182654214820785,
                0.10272061569378199,
                -0.7794351796864925,
                1.1563479980428832
            ],
            [
                -0.7796149756873448,
                0.048062771362503816,
                0.6246817829268269,
                -0.5856096714591488
            ],
            [
                0.0,
                0.0,
                0.0,
                1.0
            ]
        ],
        [
            [
                0.11301043648075544,
                0.9926741823809199,
                0.04398844978782989,
                0.11231625276575326
            ],
            [
                -0.5713529900722061,
                0.10114082287811205,
                -0.8146560755318416,
                1.164785644761757
            ],
            [
                -0.8131294963298468,
                0.06692836102205021,
                0.5785311664067729,
                -0.5523086179494168
            ],
            [
                0.0,
                0.0,
                0.0,
                1.0
            ]
        ],
        [
            [
                0.11963125029463625,
                0.992103277082798,
                0.039118385543534945,
                0.10993873253934404
            ],
            [
                -0.5265252810187547,
                0.09679776746202373,
                -0.844839741763412,
                1.1741408602549976
            ],
            [
                -0.841943873868379,
                0.08046857527711485,
                0.5338771687236489,
                -0.5203551267246688
            ],
            [
                0.0,
                0.0,
                0.0,
                1.0
            ]
        ],
        [
            [
                0.12086870785852538,
                0.9920356098034913,
                0.0370477131397977,
                0.10838875702414565
            ],
            [
                -0.48520695458263513,
                0.09159564815187149,
                -0.8697997506602639,
                1.1863521923158775
            ],
            [
                -0.8662504518383184,
                0.0871501000421056,
                0.4923440189304514,
                -0.4870037726911405
            ],
            [
                0.0,
                0.0,
                0.0,
                1.0
            ]
        ],
        [
            [
                0.11469096601577278,
                0.9927287336701244,
                0.038224243723951404,
                0.1080902406283014
            ],
            [
                -0.45465376898838383,
                0.08666117544413617,
                -0.8866559241398952,
                1.201630578235567
            ],
            [
                -0.883500334801356,
                0.08430590106617233,
                0.4612156833200631,
                -0.45550096013163655
            ],
            [
                0.0,
                0.0,
                0.0,
                1.0
            ]
        ],
        [
            [
                0.10305529557303467,
                0.9938691698490453,
                0.04164020568310585,
                0.10960273186801726
            ],
            [
                -0.4334248475046633,
                0.08254442530460189,
                -0.8976186310774863,
                1.2222799284250894
            ],
            [
                -0.8955274469612368,
                0.07444795365332627,
                0.439203586895038,
                -0.4280732275811129
            ],
            [
                0.0,
                0.0,
                0.0,
                1.0
            ]
        ],
        [
            [
                0.08449174026960853,
                0.9954060348410163,
                0.046519309384522346,
                0.11605468883379141
            ],
            [
                -0.41855142047724647,
                0.07781996606185941,
                -0.9050720127883296,
                1.2564160371235407
            ],
            [
                -0.9045071063017889,
                0.056992412427021376,
                0.42313211888677377,
                -0.4163248363286819
            ],
            [
                0.0,
                0.0,
                0.0,
                1.0
            ]
        ],
        [
            [
                0.06077676485720735,
                0.9968426045051045,
                0.05238671779326606,
                0.12702327543395786
            ],
            [
                -0.4083881235915529,
                0.07272348269797894,
                -0.910126243298622,
                1.2918925760943831
            ],
            [
                -0.9110355667858113,
                0.03391348245470431,
                0.41144909689420467,
                -0.430573654579601
            ],
            [
                0.0,
                0.0,
                0.0,
                1.0
            ]
        ],
        [
            [
                0.032936497731773734,
                0.9978804821143817,
                0.05731260932992895,
                0.13941701130888676
            ],
            [
                -0.4015420657715541,
                0.06572619106093072,
                -0.9136984787279316,
                1.3244312376379421
            ],
            [
                -0.915502377400903,
                0.0070748522539775885,
                0.40278642756089383,
                -0.4547605847144077
            ],
            [
                0.0,
                0.0,
                0.0,
                1.0
            ]
        ],
        [
            [
                0.004471191126321348,
                0.9980143300630447,
                0.06391972191599452,
                0.1529467886688051
            ],
            [
                -0.3920552751549523,
                0.06055675522594938,
                -0.9181686271477341,
                1.3582721410625436
            ],
            [
                -0.9201889919827678,
                -0.020958472545961875,
                0.3914783750163817,
                -0.48245863097202285
            ],
            [
                0.0,
                0.0,
                0.0,
                1.0
            ]
        ],
        [
            [
                -0.025030800722751427,
                0.9958787547684685,
                0.08796461815160658,
                0.1366973340274793
            ],
            [
                -0.35198247134774596,
                0.0735874634501418,
                -0.9333326302993976,
                1.3374297705460256
            ],
            [
                -0.9359317836119443,
                -0.05432401634993935,
                0.3486217289356801,
                -0.45236478268466257
            ],
            [
                0.0,
                0.0,
                0.0,
                1.0
            ]
        ],
        [
            [
                -0.024288155189329034,
                0.9947001866009786,
                0.10061267373227872,
                0.12353481769392388
            ],
            [
                -0.33138610441133476,
                0.08695263350003996,
                -0.9397050264162333,
                1.3085232026612976
            ],
            [
                -0.9434428249906095,
                -0.05616376127615563,
                0.32744969536600393,
                -0.4279058703338962
            ],
            [
                0.0,
                0.0,
                0.0,
                1.0
            ]
        ],
        [
            [
                -0.01804747391809787,
                0.9933560887473332,
                0.11429045331035526,
                0.11153905816172971
            ],
            [
                -0.3103132650149909,
                0.10311265406461843,
                -0.9452512564762321,
                1.2800082674654636
            ],
            [
                -0.9507248132318933,
                -0.05252206186572692,
                0.30632248390395295,
                -0.4042940250840609
            ],
            [
                0.0,
                0.0,
                0.0,
                1.0
            ]
        ],
        [
            [
                -0.010718457274620804,
                0.9919877058265413,
                0.1264612795180546,
                0.10201487365458994
            ],
            [
                -0.2900920328166013,
                0.11795941348201053,
                -0.9499289748153072,
                1.2535515634863386
            ],
            [
                -0.9572021956518045,
                -0.04686309861326946,
                0.2864357350089229,
                -0.3838049826183426
            ],
            [
                0.0,
                0.0,
                0.0,
                1.0
            ]
        ]
    ],
    "trj_gt": [
        [
            [
                -0.020497592873569892,
                0.99933104970588,
                -0.030286990278556303,
                0.20333125300000005
            ],
            [
                -0.49487111397866385,
                -0.03646325458514555,
                -0.8682010202796209,
                1.3619864499999998
            ],
            [
                -0.8687245991888947,
                -0.0028078744278995935,
                0.4952874787487479,
                -0.638354492
            ],
            [
                0.0,
                0.0,
                0.0,
                1.0
            ]
        ],
        [
            [
                -0.09241425840506957,
                0.9957187649615026,
                0.0019354449052386155,
                0.20263178999999998
            ],
            [
                -0.5302612741374938,
                -0.047569004764801644,
                -0.8464987719635321,
                1.382577881
            ],
            [
                -0.8427826445730373,
                -0.07925484773328673,
                0.5323871552895043,
                -0.620441284
            ],
            [
                0.0,
                0.0,
                0.0,
                1.0
            ]
        ],
        [
            [
                -0.11415499661783579,
                0.9932829873530643,
                0.01890882815392602,
                0.20190724200000004
            ],
            [
                -0.5563798821735849,
                -0.048151505269530506,
                -0.8295317108180899,
                1.4024963379999997
            ],
            [
                -0.8230492472869959,
                -0.10521568122314813,
                0.5581394063897109,
                -0.599431885
            ],
            [
                0.0,
                0.0,
                0.0,
                1.0
            ]
        ],
        [
            [
                -0.07496865817974274,
                0.997141017440499,
                0.009460001504008494,
                0.22182093800000005
            ],
            [
                -0.5684493920395565,
                -0.03493988679179139,
                -0.8219759686273289,
                1.306196533
            ],
            [
                -0.8192954222870941,
                -0.06699996752763199,
                0.5694436015714888,
                -0.5745853879999998
            ],
            [
                0.0,
                0.0,
                0.0,
                1.0
            ]
        ],
        [
            [
                -0.06754106760244115,
                0.9976865609518479,
                0.007728536937661232,
                0.22439327999999997
            ],
            [
                -0.5715590989281565,
                -0.03234172487923725,
                -0.819923294744252,
                1.2806832280000002
            ],
            [
                -0.8177764979623445,
                -0.05979581028726037,
                0.5724212264168177,
                -0.577199768
            ],
            [
                0.0,
                0.0,
                0.0,
                1.0
            ]
        ],
        [
            [
                -0.06277435036874089,
                0.9980128787608312,
                0.005447454754341658,
                0.22560472099999998
            ],
            [
                -0.5696577503239265,
                -0.03134828086498464,
                -0.8212839538081168,
                1.2601750489999997
            ],
            [
                -0.8194811946784779,
                -0.054658751488925295,
                0.5704936392756771,
                -0.5786030879999998
            ],
            [
                0.0,
                0.0,
                0.0,
                1.0
            ]
        ],
        [
            [
                -0.05581565840543033,
                0.9984317595605743,
                0.004316685944466381,
                0.22366946399999998
            ],
            [
                -0.5687226131497974,
                -0.028239405432848863,
                -0.8220444788895942,
                1.2399781490000001
            ],
            [
                -0.8206334148502809,
                -0.0483379507382557,
                0.5694069203562531,
                -0.578648376
            ],
            [
                0.0,
                0.0,
                0.0,
                1.0
            ]
        ],
        [
            [
                -0.045929958569886575,
                0.9989356997090991,
                0.004231637089958437,
                0.21251959199999998
            ],
            [
                -0.5691172436247842,
                -0.022685509495143693,
                -0.8219433865345436,
                1.219328125
            ],
            [
                -0.8209725951057666,
                -0.040160123326981434,
                0.5695534764880862,
                -0.573195618
            ],
            [
                0.0,
                0.0,
                0.0,
                1.0
            ]
        ],
        [
            [
                -0.01720825018798211,
                0.9998344495140337,
                0.005911826319960285,
                0.177725067
            ],
            [
                -0.5692576405440681,
                -0.004936370372165098,
                -0.8221443735316504,
                1.209681763
            ],
            [
                -0.8219790841667862,
                -0.01751301837258123,
                0.5692483459614205,
                -0.5599855959999999
            ],
            [
                0.0,
                0.0,
                0.0,
                1.0
            ]
        ],
        [
            [
                0.006430390480056673,
                0.9995871233801301,
                0.028004157743288686,
                0.149264526
            ],
            [
                -0.5562446353618262,
                0.02684778265656306,
                -0.8305847953084714,
                1.2119776609999997
            ],
            [
                -0.8309937158062408,
                -0.010236177951899125,
                0.5561876166829623,
                -0.55066394
            ],
            [
                0.0,
                0.0,
                0.0,
                1.0
            ]
        ],
        [
            [
                0.023989663783720482,
                0.9959569655983945,
                0.08656915563630461,
                0.12507368500000002
            ],
            [
                -0.5266904811382581,
                0.08619306612135771,
                -0.845675997312771,
                1.216257202
            ],
            [
                -0.8497185611188536,
                -0.025307667388322023,
                0.526628796080757,
                -0.5433134159999999
            ],
            [
                0.0,
                0.0,
                0.0,
                1.0
            ]
        ],
        [
            [
                0.030744531494220056,
                0.9865837636317758,
                0.16033480944997966,
                0.09984223199999993
            ],
            [
                -0.4842243600120363,
                0.15503138418817994,
                -0.8610993201063574,
                1.2215896000000004
            ],
            [
                -0.8744035355338717,
                -0.05116392532690672,
                0.4824942588166286,
                -0.535560059
            ],
            [
                0.0,
                0.0,
                0.0,
                1.0
            ]
        ],
        [
            [
                0.03202267738004495,
                0.9764470386358278,
                0.2133675909615517,
                0.07543715700000003
            ],
            [
                -0.44766296391854526,
                0.2048792428128814,
                -0.870415054212692,
                1.227469727
            ],
            [
                -0.893628792547038,
                -0.06764374770622061,
                0.4436799573196655,
                -0.52752887
            ],
            [
                0.0,
                0.0,
                0.0,
                1.0
            ]
        ],
        [
            [
                0.04060287269769702,
                0.9718456496697078,
                0.23209360169284837,
                0.043015568
            ],
            [
                -0.42343788200703314,
                0.2271313314181172,
                -0.8769901472477504,
                1.235018188
            ],
            [
                -0.9050147881720456,
                -0.06266890382236869,
                0.4207384480691185,
                -0.5132307130000001
            ],
            [
                0.0,
                0.0,
                0.0,
                1.0
            ]
        ],
        [
            [
                0.057082418997008715,
                0.9754194682959304,
                0.21283434476309143,
                0.07240283199999999
            ],
            [
                -0.40994176226871026,
                0.21728142294603547,
                -0.8858535628367534,
                1.230726074
            ],
            [
                -0.9103237605321935,
                -0.036683022119647433,
                0.412268125009314,
                -0.48103100600000004
            ],
            [
                0.0,
                0.0,
                0.0,
                1.0
            ]
        ],
        [
            [
                0.07433455989451086,
                0.9819054175010667,
                0.1741726852504304,
                0.10880007900000012
            ],
            [
                -0.40982263814319636,
                0.18930462435394577,
                -0.8923055331351265,
                1.2243809809999997
            ],
            [
                -0.9091313318056091,
                -0.0050507702647794,
                0.41647894454472983,
                -0.47153884900000004
            ],
            [
                0.0,
                0.0,
                0.0,
                1.0
            ]
        ],
        [
            [
                0.09265681571927174,
                0.9884314470218162,
                0.12007493093532642,
                0.144348221
            ],
            [
                -0.4116126943054669,
                0.14783099560117327,
                -0.8992891562929914,
                1.2182805179999998
            ],
            [
                -0.9066364786326213,
                0.03390090379214661,
                0.42054848036191544,
                -0.46399356100000005
            ],
            [
                0.0,
                0.0,
                0.0,
                1.0
            ]
        ],
        [
            [
                0.10798927341756029,
                0.9922455691403048,
                0.06153899047091948,
                0.17832933000000004
            ],
            [
                -0.42297490284429534,
                0.10187622284961262,
                -0.9003962831896605,
                1.213401733
            ],
            [
                -0.8996835823724953,
                0.07120369189395002,
                0.43069651248885804,
                -0.45747671500000003
            ],
            [
                0.0,
                0.0,
                0.0,
                1.0
            ]
        ],
        [
            [
                0.11718533146394149,
                0.9930379324308692,
                0.011969245720192194,
                0.21198259000000003
            ],
            [
                -0.4286232058343247,
                0.06144511389776585,
                -0.9013915050622547,
                1.209019165
            ],
            [
                -0.8958514081643184,
                0.1004995658274939,
                0.4328395681525582,
                -0.4523015440000001
            ],
            [
                0.0,
                0.0,
                0.0,
                1.0
            ]
        ],
        [
            [
                0.11898139902308012,
                0.9922725615036534,
                -0.03519361268026993,
                0.248523529
            ],
            [
                -0.4341712512200867,
                0.020118197700099136,
                -0.9006056754958214,
                1.20567688
            ],
            [
                -0.892938268471284,
                0.12243537809096697,
                0.43320991088758226,
                -0.448244904
            ],
            [
                0.0,
                0.0,
                0.0,
                1.0
            ]
        ],
        [
            [
                0.11434587333456915,
                0.9910854636888918,
                -0.06837122871448523,
                0.284657196
            ],
            [
                -0.4344289765859636,
                -0.012008800713077743,
                -0.9006260339385628,
                1.2048729249999997
            ],
            [
                -0.8934184269164291,
                0.13268531331691277,
                0.4291830868943528,
                -0.44673632799999996
            ],
            [
                0.0,
                0.0,
                0.0,
                1.0
            ]
        ],
        [
            [
                0.10310286956790647,
                0.9904239328753488,
                -0.09181629198889037,
                0.3195044250000001
            ],
            [
                -0.4324641946610135,
                -0.038491085993206386,
                -0.9008291495257381,
                1.2095705570000002
            ],
            [
                -0.8957368579125591,
                0.13258532907825624,
                0.4243543470852471,
                -0.4502057800000001
            ],
            [
                0.0,
                0.0,
                0.0,
                1.0
            ]
        ],
        [
            [
                0.08546118289894257,
                0.9899924685265988,
                -0.11230003774765591,
                0.346294708
            ],
            [
                -0.4271510345178688,
                -0.06542322166172775,
                -0.9018102881303335,
                1.2312753909999998
            ],
            [
                -0.9001324235510174,
                0.1250388512743614,
                0.4172851611837643,
                -0.46918804900000016
            ],
            [
                0.0,
                0.0,
                0.0,
                1.0
            ]
        ],
        [
            [
                0.06354465706543777,
                0.9900802264289513,
                -0.12531249655494103,
                0.3502384640000001
            ],
            [
                -0.42027834289460686,
                -0.08733994912028334,
                -0.903182067902939,
                1.2611186520000002
            ],
            [
                -0.9051674933691547,
                0.11005852316864173,
                0.41055928978131584,
                -0.49738580299999996
            ],
            [
                0.0,
                0.0,
                0.0,
                1.0
            ]
        ],
        [
            [
                0.03744768679846522,
                0.9904532299087757,
                -0.13266525587627725,
                0.34540783700000005
            ],
            [
                -0.41886535741967795,
                -0.10497540148779162,
                -0.9019600753005436,
                1.2910595699999998
            ],
            [
                -0.9072758583292789,
                0.08934519822436475,
                0.41093546019675575,
                -0.526974915
            ],
            [
                0.0,
                0.0,
                0.0,
                1.0
            ]
        ],
        [
            [
                0.00838703301484366,
                0.9891830001055609,
                -0.14644674793032955,
                0.339127289
            ],
            [
                -0.41005666875370184,
                -0.13016977928529058,
                -0.9027233003370609,
                1.3227259519999999
            ],
            [
                -0.9120214833477469,
                0.06762263572931936,
                0.40452934757467857,
                -0.5579665529999999
            ],
            [
                0.0,
                0.0,
                0.0,
                1.0
            ]
        ],
        [
            [
                -0.0041268234753465485,
                0.9813059528333441,
                -0.19240996923716414,
                0.35815869100000003
            ],
            [
                -0.3807135444477664,
                -0.179463208352617,
                -0.907110882925458,
                1.29276001
            ],
            [
                -0.9246838196929922,
                0.06950959488896759,
                0.3743370804720654,
                -0.5143029790000001
            ],
            [
                0.0,
                0.0,
                0.0,
                1.0
            ]
        ],
        [
            [
                -0.0034125676465710463,
                0.9769833936279826,
                -0.21328807504689007,
                0.364679749
            ],
            [
                -0.36673638037998557,
                -0.19965090521356704,
                -0.9086495162344993,
                1.267394775
            ],
            [
                -0.9303186452435767,
                0.07511966867973674,
                0.35897667569022157,
                -0.484859894
            ],
            [
                0.0,
                0.0,
                0.0,
                1.0
            ]
        ],
        [
            [
                0.009454699117715236,
                0.9722502032050355,
                -0.23375232839986987,
                0.370806
            ],
            [
                -0.35611259080868163,
                -0.21516278696206026,
                -0.9093342607502741,
                1.2423858639999998
            ],
            [
                -0.9343952222331415,
                0.09183962910686327,
                0.344196239365557,
                -0.457628082
            ],
            [
                0.0,
                0.0,
                0.0,
                1.0
            ]
        ],
        [
            [
                0.017569027480558115,
                0.9670335074552033,
                -0.2540423679866703,
                0.375675507
            ],
            [
                -0.34210434545594826,
                -0.2329318245667946,
                -0.9103336651602763,
                1.2187567140000004
            ],
            [
                -0.9394977094668963,
                0.10290267519783727,
                0.3267339794750213,
                -0.43291284199999996
            ],
            [
                0.0,
                0.0,
                0.0,
                1.0
            ]
        ]
    ]
}